---------- Source: dataAurora2/wavLabDMML/TRAIN/CLEAN1/FAC_13A.wav ----------
  Sample Bytes:  2        Sample Kind:   WAVEFORM
  Num Comps:     1        Sample Period: 125.0 us
  Num Samples:   9113     File Format:   WAV
----------------------------- Samples: 0->9112 ------------------------------
    0:       0      1      1      1      1      0      1      2      0      1
   10:       1      1      1      1      1      0     -2     -1     -1     -1
   20:       0      0     -1     -1      0      2      1      0      1      2
   30:       1      1      2      1      1      2      0      0      0      0
   40:      -1      1      1     -1      0      0      0      1      1      0
   50:       0      0      1      1      0      1     -2      0      0      0
   60:       1      0      1      0      0      0      0      0      0      0
   70:       0      1     -1     -2     -1      0     -2     -3     -2      0
   80:       1      2      2      1      1      2      2      2      0      0
   90:       1     -1     -2     -2     -1     -1     -1      0     -1     -1
  100:      -2      0      1     -1     -1     -1      0      1     -1     -1
  110:      -1     -1      0      0      0      1      0      0      0     -1
  120:       1      1      0      0      0     -1      0      1      0     -1
  130:       1      1      0      0      1      1      1      0      0      0
  140:       0     -1      0      2      2      2      1      1      0     -2
  150:      -1     -1     -2     -2      0      0     -1      1      1      1
  160:       2      1      2      2      0      1      1     -1      0      1
  170:       1     -1     -1      0      0      0     -1     -1      0      0
  180:       1      0      0      1      0     -1      0      2      2     -1
  190:       0     -1     -1      1      1      1      0      0      1      0
  200:       0      0      0      0      0      0      1      1      0     -1
  210:      -1     -1      0     -1      0      1      0      2      2      2
  220:       2      1      1      1     -2     -1     -2     -3     -1     -2
  230:      -1      0     -1     -1     -1      1      1      1      1      0
  240:       0      1      1      0      0      0      1      0      0      0
  250:       0      0      1      2      1      0      0      1      0     -1
  260:       0      0      0     -1     -1      0      0     -1      1      1
  270:       0      1     -1      0      1      2      2      1      2      1
  280:       1      1     -1     -1     -1     -1      0     -1     -1     -1
  290:       1      3      2      2      0      2      1      0      1      0
  300:       0      0      0      0      0      0      0      0      1      1
  310:      -1      0      1      0      0      0      0      2      2      1
  320:       1      0      0      1      1      1      1      1      1      1
  330:       1      0      0      0      0      0      1      0     -1      1
  340:      -1      0      1     -1     -1     -1      0      1      1      1
  350:       2      1      2      2      1      1     -1     -1      0     -1
  360:       0     -1     -1     -1     -1     -1     -1      1      1      0
  370:       1      0      0     -1      0      0     -1      1      1      0
  380:       1      1      1      0      0      0      0      0      0     -1
  390:       1      0     -1      2     -1      0     -1     -1      0     -1
  400:       0     -1      1      0      0      1      1      1      0      1
  410:       0      0     -1      0      0      0     -1     -2     -1     -1
  420:       0      0      0      4      2      1      1      0      2      1
  430:       1      1      0     -1      1      0     -1      1      0      0
  440:       0     -1      1      1     -1      0      1      0      0      0
  450:       0      0      0      0      0      1      1      1      0     -1
  460:       1      0      1      2      1      1      1      1     -1      0
  470:       1      0      0      0     -1     -2     -1      0      0      0
  480:       0      0      2      1      1      2      0      0      0     -3
  490:      -2     -1     -2     -1     -1     -1     -1      0      0      1
  500:       0      0      1      0      0      0     -2     -2      1      0
  510:       0      0      0      1      1      0      0      0      0      0
  520:       0     -1     -1      0      0      0     -1      0      1      0
  530:      -1     -1      0      0      0     -1      0      1      1      0
  540:       2      2      0      1      0      0      0      0      0     -2
  550:      -2     -1     -1     -2     -2      1      2      1      0      1
  560:       3      1      1      0      0      2      0      0      1      2
  570:       1      0      1      1      0      0      1     -1      1      2
  580:       0      1      0      0      1      0      0      2      0      0
  590:       1     -1      1      2      0      1      1      1      2      0
  600:       0      0     -1     -1      0      1      1      0      0      0
  610:       0      0      0      0      1      1      0      2      1      0
  620:       2      1     -1     -1     -1     -1     -1     -1     -1      0
  630:       0      0      0      1      1      0      0     -1     -1     -1
  640:      -1     -1     -1      1      1      0      0      0      0      0
  650:       0      0      0      0      0      0      0     -1      0     -1
  660:       0      0      0      0     -1      0     -1      0     -1     -1
  670:       1      0      0      2      1      0      1      1      0     -1
  680:       0      0     -2     -2     -1     -2     -1     -1      0      2
  690:       2      0      1      1      1      1      1      0      0      1
  700:       0     -1      0      0      0      0      0      0     -1      0
  710:       0     -1      1      0      0     -1      1      0     -1      1
  720:       0      1      1      0      0      1      1      0      0      0
  730:       1      0      1      4      5      1     -7    -11     -7      2
  740:       8      5     -3     -5      0      5      7      4      0     -4
  750:      -2      4      4      2     -2     -8     -6     -1      4      2
  760:       0     -1     -2      2      5      4      2     -1     -3      0
  770:       0      1      0     -2     -2      0      3      3      2      0
  780:      -1      1      2      2      2      0     -2     -2     -1      1
  790:       0      0      0     -1      0      0      0      0      0      0
  800:      -1     -1      1      1      0     -1      1      1      1      2
  810:       0     -1     -1     -1     -1      0      0     -2     -1     -1
  820:      -2      2      2      1      1      1      1      0      1      0
  830:       0      0      0      0      0      1      0      0      0      0
  840:       0      0      0      0      0      0      0      0     -1      0
  850:       0      0      0      0      1      1      1      0      1      1
  860:       1      1      1      1     -1      0     -1      0      0      0
  870:       1      1      0     -1      0      0      0      1      0      2
  880:       2      1      3      2      1      1      1      0     -1     -1
  890:       1      0     -2      0      0      0      1      1      0      0
  900:       1      1      0      0      0      1      0     -1      0      1
  910:       0     -1      0     -1      1      1     -1      1     -1      0
  920:       1      0      1     -1     -1     -1     -1     -1      0      1
  930:       0      0     -1      0      0     -1      0     -2     -1      0
  940:      -1      1      1      0     -1     -1     -1     -3     -2     -2
  950:      -3     -4     -4     -2      0      1      3      3      1      1
  960:       1      0      1      1      0      0      0      0     -2      0
  970:       0     -1     -1      0     -1     -1      0     -1      0      1
  980:       0     -1      0      0      1      0      0      1      1      1
  990:       1      0      0      0      0     -1      1      1      0      1
 1000:       0      0      1      0      0      1      0     -1      0      0
 1010:       0      1      1      3      2      3      3      0      2      1
 1020:      -1     -1      0      0     -1     -1      0      0      0      0
 1030:       1     -1     -1      1      0      0      2      1      1      1
 1040:       0      0      0      1      1      1      0     -1      1      1
 1050:       1      1      0      0      0     -1     -1     -1      1      0
 1060:      -1      1      0      0      0      0      0      0      0     -1
 1070:      -1      1      0      0      2      0     -1      0      0     -1
 1080:      -1     -1     -1      0     -2     -1      1      2      1      0
 1090:       2      0      0      1      0      0      0      0      1      1
 1100:       0      0      0     -1      0      0     -1      0      0      0
 1110:       1      2      2      0      0     -1     -1      0      0      1
 1120:       2     -1      1      0      0      2      0      1      1      1
 1130:       0      0      0      0      0      0     -1      0     -1     -1
 1140:      -1      0      1      1      1      2      1      2      2      2
 1150:       1      0      1      0      0      0     -1     -1     -2     -1
 1160:       0      0      0      0      0      2      2      1      0      0
 1170:       0      0      1      0      1      1      0      0      1      1
 1180:      -1      0      1     -1      2      1      0      0      1      1
 1190:       0      0      1      1      0      1      1      0      0      0
 1200:       1      1     -1     -1      2      1      0      1      0      0
 1210:       0      0      0     -2     -1     -1      0      1     -2      1
 1220:       2      1      2      1      2      1      1      1      0      0
 1230:      -1     -1     -1      1      0      0      0      0      1     -1
 1240:       0      1      1      2      0     -1      1     -1      0      0
 1250:       0      1      1      0      0      1      1      0      1     -1
 1260:      -1      2      0      1      0      0      0      0      1     -1
 1270:      -1     -1     -2     -1      0      0      1      1      2      3
 1280:       2      2      1      1      0      0      0     -1      0      0
 1290:      -1      0      0      0     -1      0      0     -1      0     -1
 1300:       1      2      1      0     -1      0      1      1      1      1
 1310:       2      0      1      2      0     -1      0     -1     -2     -1
 1320:       0     -1     -1      0      0      0      0      0      1      1
 1330:       1      0      1      0     -1     -1     -1      1      0      0
 1340:       0     -1      0     -1     -1     -1     -1     -2     -1      0
 1350:       0      0      1      2      0      1      0      1      0     -1
 1360:       1      1     -1      0     -1     -1     -1      0     -1     -1
 1370:      -1     -1      0      0     -1      1      0      1      1      0
 1380:       1      1      1      0     -1      0      0     -1      0      0
 1390:       0      1      0     -1      1      1      1      2      1      0
 1400:       0      1      1      0     -1     -1     -1      0      0      1
 1410:       1      1      1      1      2      2      2      1     -2     -1
 1420:       1     -2     -1      0      0      0      0      1      0     -1
 1430:      -1      0      0      0      0      1      1      1      1      1
 1440:       1      2      1      1      1      0      1      1      1      0
 1450:      -1      0     -1     -1      0     -1      0      0      1      0
 1460:       1      0      2      1      0      1      0      0      1      0
 1470:       0      0      1      0      0     -1     -2     -1     -2     -1
 1480:      -1     -2     -1     -1      1      2      1      0      1      1
 1490:       1      1      0      2      1      0      1      0      0     -1
 1500:       0      0     -1     -1      0     -1      0      0     -1      1
 1510:      -1      0      0      0      1      0      1      1      0     -1
 1520:       0      1      0      1      0     -1      0      0      0      0
 1530:       0      0      0      0     -1      0     -1      0      1     -1
 1540:       0      1      0      1      1      2      2      1      1      1
 1550:       1     -1     -2     -2     -1      0     -1      0      0     -1
 1560:       1      0      1      1      1      1      0     -1     -1     -1
 1570:      -1      0      0      1      1      0      1      1      1      0
 1580:      -1      0      0     -1      2      0     -1      0      0      0
 1590:       1      0      0      1      1      0      0      0      0     -1
 1600:       0      0      1      3      2      1      1     -1     -1     -1
 1610:      -1     -1     -2      0     -1      0      1      2      2      1
 1620:       1      2      0     -1      1      1      0      1      1      0
 1630:       1      2      1      0      1      1      1      0     -1      0
 1640:      -1      0      1     -1     -1     -1      0      1      0      0
 1650:       3      2      0      1      2      1      2      2      1      1
 1660:       1      1      0      0      0      0      1      1     -1     -1
 1670:       0      0      2      1      1      3      2      2      2      1
 1680:       1      1      1     -1     -2     -2     -2     -2     -1     -1
 1690:      -2     -1     -2     -2     -2     -1      0      0      1      2
 1700:       2      2      2      1      0      1      1     -1     -1      0
 1710:       1      2      1      2      1     -1      1      1      0      0
 1720:       2      2      2      1      0      0      0     -1     -1     -1
 1730:      -2     -3     -1      0     -1      0     -2     -4     -3     -5
 1740:      -6     -5     -5     -3     -2     -2      0     -1     -1      0
 1750:       1      0     -2      2      2      1      2      3      5      6
 1760:       8      9      9     10      8      8      7      6      5      4
 1770:       3      0      1      0     -3     -4     -7     -9    -10    -11
 1780:     -13    -14    -14    -12    -11    -11    -12    -11    -10    -12
 1790:     -11    -12    -14    -13    -15    -18    -18    -18    -18    -17
 1800:     -13     -6      5     21     42     64     88    111    129    139
 1810:     141    133    112     80     39     -9    -62   -108   -143   -165
 1820:    -172   -170   -162   -148   -127    -98    -67    -38    -14      9
 1830:      22     31     33     30     26     15      3    -11    -27    -34
 1840:     -16     31     90    164    247    306    341    356    323    250
 1850:     159     37    -97   -208   -305   -374   -399   -389   -356   -297
 1860:    -225   -153    -82    -15     43     86    122    154    170    184
 1870:     191    180    164    138    101     56     15    -24    -62    -81
 1880:     -87    -86    -70    -44    -18      9     37     58     69     73
 1890:      67     51     30      4    -24    -46    -63    -78    -87    -90
 1900:     -89    -81    -70    -58    -45    -31    -19    -12     -5     -2
 1910:      -7    -16    -30    -45    -58    -58    -32     21     94    182
 1920:     274    342    379    385    339    252    139      1   -143   -264
 1930:    -354   -407   -415   -386   -334   -267   -188   -109    -37     31
 1940:      90    132    167    196    206    204    192    167    125     75
 1950:      21    -34    -87   -125   -158   -188   -213   -232   -239   -242
 1960:    -211   -115     31    190    362    538    630    663    649    524
 1970:     341    145    -90   -315   -478   -588   -639   -612   -527   -422
 1980:    -305   -181    -77      6     86    153    195    240    274    274
 1990:     260    237    181    113     44    -36   -115   -172   -219   -263
 2000:    -284   -284   -284   -245   -127     53    247    453    648    742
 2010:     744    688    513    271     35   -218   -449   -597   -680   -696
 2020:    -637   -523   -396   -270   -142    -35     44    130    211    264
 2030:     313    338    318    275    208    112     -3   -119   -231   -344
 2040:    -434   -501   -499   -366   -110    178    482    794    953    986
 2050:     948    733    428    139   -179   -470   -645   -749   -788   -749
 2060:    -645   -525   -410   -269   -140    -38     84    204    285    371
 2070:     443    452    426    364    256    114    -29   -158   -283   -368
 2080:    -416   -471   -513   -532   -461   -253     72    413    778   1092
 2090:    1187   1161   1003    645    259   -103   -457   -712   -832   -882
 2100:    -853   -760   -614   -471   -325   -160    -28     81    212    309
 2110:     368    419    435    393    322    214     70    -94   -244   -400
 2120:    -543   -652   -691   -564   -259    164    571    972   1242   1233
 2130:    1117    847    420     40   -270   -539   -666   -671   -647   -599
 2140:    -542   -475   -456   -408   -292   -185    -45    143    279    370
 2150:     445    450    394    300    166     -2   -163   -294   -423   -567
 2160:    -689   -805   -773   -487     -1    579   1129   1571   1695   1514
 2170:    1153    598      8   -442   -753   -921   -910   -815   -718   -594
 2180:    -437   -296   -172    -48     89    156    207    285    273    269
 2190:     284    233    155     72    -41   -181   -306   -409   -516   -657
 2200:    -782   -906   -928   -623    -30    750   1501   2055   2266   1981
 2210:    1400    665   -138   -742  -1058  -1182  -1112   -920   -763   -649
 2220:    -560   -458   -295    -39    279    545    664    692    542    298
 2230:     133    -24   -104    -96   -116   -178   -279   -413   -551   -672
 2240:    -736   -813   -878   -848   -646   -105    708   1617   2255   2532
 2250:    2360   1626    706   -173   -927  -1322  -1342  -1189   -943   -682
 2260:    -516   -426   -350   -196     26    260    478    548    460    354
 2270:     197     81     80    100    100     36   -107   -328   -551   -713
 2280:    -773   -778   -725   -715   -731   -696   -460    222   1165   2131
 2290:    2670   2693   2120    970   -153  -1016  -1510  -1451  -1035   -611
 2300:    -287   -145   -228   -365   -429   -328   -152     92    298    351
 2310:     270    264    284    302    402    415    250    -36   -374   -716
 2320:    -959  -1006   -955   -910   -890   -887   -897   -489    491   1668
 2330:    2700   3078   2762   1724    309   -760  -1333  -1381   -872   -287
 2340:     -20    -11   -256   -624   -809   -746   -497   -267    -95      7
 2350:      70    199    504    841   1076   1097    716     46   -579  -1005
 2360:   -1129   -944   -659   -470   -361   -422   -600   -767   -848   -714
 2370:      38   1272   2346   2871   2486   1592    315   -789  -1028   -868
 2380:    -470     46    147   -189   -487   -693   -712   -492   -276   -214
 2390:    -414   -562   -372     38    659   1307   1477   1184    479   -368
 2400:    -923  -1079   -866   -545   -365   -369   -512   -774   -964  -1043
 2410:    -991   -533    664   1925   2781   2820   2008    962   -256   -802
 2420:    -623   -371    -39    128   -183   -561   -635   -638   -506   -437
 2430:    -570   -814   -973   -680     94   1001   1699   1874   1295    435
 2440:    -421  -1027  -1038   -713   -383   -198   -290   -536   -713   -782
 2450:    -753   -751   -732   -730    -35   1401   2553   3209   2591   1417
 2460:     -24  -1240  -1185   -675   -164    283    264   -287   -555   -529
 2470:    -522   -449   -651   -924  -1130   -808    215   1290   1925   1953
 2480:    1114     26   -811  -1071   -870   -484   -201   -292   -600   -783
 2490:    -802   -792   -805   -866   -990   -317   1309   2649   3356   2690
 2500:    1326    -69  -1140   -885   -213    188    292     62   -532   -682
 2510:    -411   -387   -562  -1043  -1424  -1375   -636    614   1750   2077
 2520:    1713    876   -137   -599   -699   -645   -447   -406   -453   -451
 2530:    -456   -391   -429   -696   -950  -1201  -1305   -747   1338   3107
 2540:    3760   2951    866   -504  -1461  -1036    110    409    195   -111
 2550:    -366   -373    229     93   -752  -1674  -2122  -1517   -176   1326
 2560:    2070   1771    955    314   -162   -320   -339   -545   -792   -614
 2570:    -297    -80    -76   -333   -831  -1194  -1256  -1171  -1012     40
 2580:    2251   3298   3334   1909    144   -742  -1152   -272    355    224
 2590:     -40    -94    -69     55    169   -750  -1807  -2229  -1683   -442
 2600:     993   1764   1624    946    540    396    114   -227   -663   -947
 2610:    -754    -47    345    106   -386   -895  -1049   -919   -657   -788
 2620:   -1115   -964   1262   3389   3802   2718     30  -1232  -1413   -528
 2630:     796    651      2   -349      3    353    438   -421  -1935  -2657
 2640:   -1907   -293   1138   1758   1298    575    230    550    530    -29
 2650:    -693  -1009   -618     56    484    131   -625  -1040   -964   -747
 2660:    -605   -898  -1362  -1257   1179   3674   3874   2454   -327  -1216
 2670:    -852     -2   1061    361   -524   -367    425    785    288  -1081
 2680:   -2499  -2678  -1318    412   1106   1159    758    584    789    935
 2690:     420   -487   -961   -664   -118    393    290   -430   -928   -872
 2700:    -527   -386   -670  -1068  -1372  -1225    333   3184   3685   2507
 2710:     349  -1142   -277    128    479    263   -672   -288    781   1100
 2720:     204  -1211  -2321  -2161  -1201    112    547    279    482   1004
 2730:    1311   1129    228   -749   -779   -211    277    160   -188   -391
 2740:    -571   -487   -382   -605   -889   -994   -929   -916   -794    792
 2750:    3133   3032   1980     19   -820    162    167    323     23   -503
 2760:     255   1015    693   -505  -1685  -2113  -1489   -794     21    144
 2770:     184    861   1496   1234    460   -277   -585   -302     93     81
 2780:    -146   -324   -328   -375   -492   -683   -804   -854   -765   -812
 2790:    -867   -589   1666   3412   2578   1214   -558   -285    554    149
 2800:      81   -442   -285    840   1074     10  -1232  -1919  -1576   -910
 2810:    -564   -157    -70    528   1377   1468    761    -18   -344   -190
 2820:      -7    -26   -262   -306   -145   -141   -453   -720   -812   -738
 2830:    -687   -760   -945   -975    119   2709   3138   1807    349   -494
 2840:     567    559   -151   -313   -451    482   1236    493   -852  -1598
 2850:   -1567  -1006   -879   -743   -294    232   1100   1411    936    437
 2860:       7   -101    -18   -180   -208   -292   -162     55   -107   -555
 2870:    -709   -744   -553   -443   -654   -804   -749   -451   1315   2886
 2880:    2030    891   -139    172    807   -149   -342   -193    185   1063
 2890:     775   -404  -1153  -1285  -1047   -973  -1130   -572      1    639
 2900:    1131   1001    577    338    196     62   -135   -257   -227    -66
 2910:     -19   -207   -554   -632   -649   -657   -762   -850   -921   -875
 2920:    -419   1740   2885   1883    999    174    726    738   -403   -337
 2930:    -216    353   1004    333   -709  -1127  -1207  -1068  -1244  -1196
 2940:    -424    166    846   1173    921    738    629    293     19   -317
 2950:    -395   -234   -162   -101   -339   -602   -512   -639   -706   -823
 2960:    -875   -843   -818   -131   2006   2617   1765   1002    398    910
 2970:     409   -575   -297   -171    450    817     81   -674   -953  -1099
 2980:   -1087  -1364  -1091   -349    155    754   1104   1053    902    573
 2990:     238    -88   -334   -412   -316   -149   -123   -338   -449   -522
 3000:    -632   -712   -795   -818   -798   -781    -51   1817   2365   1706
 3010:    1038    660   1019    276   -526   -260   -120    389    627      3
 3020:    -567   -835  -1016  -1121  -1360  -1024   -394     57    737   1001
 3030:     831    894    668    379      8   -360   -312   -349   -274   -180
 3040:    -451   -458   -461   -596   -669   -801   -893   -885   -713    617
 3050:    1959   1893   1517   1096   1114   1001    -31   -333   -189    -26
 3060:     360    180   -332   -597   -860  -1020  -1190  -1242   -804   -381
 3070:     108    637    865   1095   1096    791    324    -83   -260   -417
 3080:    -450   -373   -390   -409   -450   -536   -655   -749   -850   -884
 3090:    -852    -76   1246   1744   1609   1329   1343   1381    610      0
 3100:    -137   -159     51     44   -322   -585   -740   -892  -1046  -1121
 3110:    -879   -593   -216    258    532    731    954   1028    735    305
 3120:       9   -226   -352   -436   -500   -513   -476   -423   -452   -529
 3130:    -544   -536   -557   -384    222    830   1057    965    977   1133
 3140:    1012    738    461    219    191    174    -73   -442   -655   -733
 3150:    -801   -830   -742   -652   -504   -284   -113     59    319    518
 3160:     562    538    471    331    171     32   -113   -257   -313   -358
 3170:    -440   -500   -562   -636   -655   -609   -334    145    484    596
 3180:     765    978   1074   1082    955    755    650    551    294   -114
 3190:    -461   -674   -837   -919   -887   -855   -787   -628   -428   -231
 3200:     -13    236    413    473    510    487    359    261    181     42
 3210:     -85   -186   -308   -466   -616   -697   -735   -657   -307     62
 3220:     212    433    740    862    972   1080    986    869    807    629
 3230:     290    -62   -329   -595   -800   -822   -841   -905   -811   -657
 3240:    -555   -371   -120     71    207    327    408    396    359    342
 3250:     263    149     62    -69   -255   -438   -571   -642   -621   -375
 3260:     -92     14    264    581    679    825    987    951    901    850
 3270:     653    354     57   -188   -449   -657   -709   -791   -869   -787
 3280:    -707   -643   -457   -242   -101     38    204    292    303    358
 3290:     376    298    243    179     19   -160   -308   -430   -538   -538
 3300:    -323   -148    -67    229    490    571    776    934    897    885
 3310:     836    626    348    103   -131   -403   -598   -668   -775   -836
 3320:    -770   -730   -663   -472   -306   -183    -18    136    218    281
 3330:     355    371    330    296    220     71    -76   -210   -347   -447
 3340:    -473   -333   -147    -30    195    429    537    690    811    817
 3350:     810    754    577    316     65   -160   -381   -543   -633   -692
 3360:    -715   -695   -650   -563   -433   -282   -145    -16    102    185
 3370:     244    287    308    298    259    190     84    -45   -166   -268
 3380:    -350   -424   -410   -256   -140    -36    219    416    538    726
 3390:     814    809    825    750    566    354    131    -96   -334   -521
 3400:    -631   -716   -726   -698   -687   -604   -472   -364   -241    -94
 3410:      45    149    221    271    280    270    257    186     89     12
 3420:     -86   -189   -267   -307   -241   -137    -59    116    296    407
 3430:     563    659    681    712    674    554    395    208     15   -192
 3440:    -381   -506   -611   -670   -673   -671   -618   -522   -419   -281
 3450:    -144    -20     96    195    288    331    331    317    272    196
 3460:      99      2    -96   -188   -259   -303   -314   -253   -141    -50
 3470:      89    275    396    490    588    633    631    606    515    357
 3480:     197     33   -164   -342   -447   -531   -606   -614   -592   -572
 3490:    -488   -364   -262   -137     10    113    182    252    292    286
 3500:     274    245    164     77      8    -86   -168   -195   -219   -237
 3510:    -202   -129    -49     47    175    288    369    451    501    495
 3520:     484    445    342    222     97    -55   -197   -304   -393   -460
 3530:    -479   -479   -474   -426   -346   -265   -165    -52     31     99
 3540:     162    187    194    203    195    152    101     52    -16    -82
 3550:    -124   -146   -160   -160   -127    -93    -34     63    122    185
 3560:     287    332    346    381    371    320    276    203     95     -2
 3570:     -85   -173   -252   -296   -323   -349   -340   -312   -285   -229
 3580:    -164   -113    -50     15     54     82    112    126    120    116
 3590:      91     48     18     -9    -46    -71    -73    -68    -65    -53
 3600:     -19     20     50     84    121    145    171    214    221    200
 3610:     186    152    107     84     47     -9    -43    -86   -144   -172
 3620:    -192   -209   -203   -182   -168   -150   -104    -74    -66    -31
 3630:       3     16     42     72     65     51     47     26     -1     11
 3640:      17    -12     -7      1    -17     -5     29     40     46     72
 3650:      78     66     76     90     83     74     63     44     31     17
 3660:       0    -22    -31    -38    -53    -66    -75    -78    -82    -66
 3670:     -63    -76    -63    -54    -47    -30    -16    -12     -6      7
 3680:      12     20     36     41     36     47     54     26     15     27
 3690:      16      6     17     10     -9     -2      9      2      5     25
 3700:      31     22     20     18      8      1     -1    -11    -22    -32
 3710:     -38    -37    -34    -27    -12      2      3      5      9     14
 3720:      17     14     14      9      1     -9    -11    -12    -12      2
 3730:       7      3      8     13     12     15     21     16      6      2
 3740:      -3     -9     -9     -7     -6     -3     -3     -6     -2      6
 3750:       8      7      7      4     -5     -7      0     -3     -5     -2
 3760:      -6    -11     -6      0     -1      2      8      3     -3      3
 3770:       5      4     10     10      4      4      8      4      2      5
 3780:       3     -6     -7     -2     -3     -5     -2     -1     -5     -3
 3790:      -2     -5     -4     -2     -3     -3      1      0      1      1
 3800:      -3     -4     -2     -1      0      4      2      0      2      5
 3810:       6      1      1      3      4      7      9      5      2      6
 3820:       5      1      1     -1     -2      2      5      0     -2      2
 3830:      -2     -6     -3     -5     -8     -2      1     -6     -5      2
 3840:      -3     -7     -3     -2     -4      4      9     -1     -1      8
 3850:       1     -5      3      6      1      4      7      1      1      7
 3860:       3      0      7      6      1      3      3     -1     -2     -1
 3870:      -4     -4      1     -1     -2     -2     -3     -5     -5     -3
 3880:      -5     -5     -3     -3     -4     -2     -2     -3     -4     -1
 3890:       0     -1      2      2      1      3      3      2      2      5
 3900:       5      6      6      4      4      4      2      2      3      2
 3910:       1      1     -1     -2     -1     -1     -1     -2     -2     -2
 3920:      -3     -3     -3     -2     -4     -3     -2     -4     -2     -1
 3930:       0      0      0      2      2      2      2      3      4      2
 3940:       2      4      2      3      3      2      3      1      3      1
 3950:       1      3      1      2      0      1      2      0      0     -1
 3960:      -1     -1     -1     -1     -1     -1     -2     -2     -1     -1
 3970:      -2     -3     -1     -2     -1     -1      0      0      0     -1
 3980:      -2      0      0      1      4      4      1      1      2      4
 3990:       5      3      2      4      3      2      0      0     -2     -2
 4000:      -1     -3     -3     -2     -2      2      0      0      1     -1
 4010:      -1     -1     -1     -1     -1     -2     -3     -1     -1     -1
 4020:       0      1      1      1      2      1      1      3      4      2
 4030:       2      4      2      1      1      1      2      1      1      1
 4040:       1      1      1      1      0      2      1      1      1     -1
 4050:      -1      0      0     -1     -1      0      0     -1     -1     -1
 4060:      -1      0      0      1      3      2      3      3      3      4
 4070:       3      3      1      0      2      0      1      0      0      2
 4080:       0      0      3      1      1      2      1      1      0      1
 4090:       0      0      0      0      1     -1     -1     -1      0      0
 4100:      -1      0      0     -1      0      0      0      1      1      1
 4110:       1      1      1      2      2      0      1      0      2      1
 4120:       0      1      0      2      1      2      3      1      2      0
 4130:      -1      0     -1     -1     -1     -1     -1     -3     -1      1
 4140:       0      0     -1     -1     -1     -1      0      0      0     -1
 4150:       0      0      0      1      1      1     -1     -1      1      1
 4160:       1      0      1      1      1     -1      1      0      0      2
 4170:       1      0      2      1      0      0      1      0      1     -1
 4180:      -1      0     -1     -2     -2     -1     -2     -2      1     -1
 4190:      -1     -2     -1      0      1      1      3      2      3      2
 4200:       1      1      2      2      0     -2      0     -1      0      0
 4210:       1      0      1      1      0      0      0      0      1     -1
 4220:       1      1      1     -2     -1     -1     -1     -1     -1     -2
 4230:       0      0     -1     -1      0      0      0      1      3      0
 4240:       2      1      1     -1     -3     -2      0     -1      3      5
 4250:       4      3      4      1      4     97     30    -81    -46    -32
 4260:       4    -36    -36     -9    -12     17      7     19     18     21
 4270:      21     11      6     11     11     -2     -3    -10     -5    -11
 4280:     -13    -11    -12    -12     -9     -4      1      2     -1      8
 4290:       6     12     10      3      9      7      6      6     -5     14
 4300:      14    143     94   -145   -117    -62    -16    -26    -65    -31
 4310:     -19     22     13     28     37     41     34     23     32      7
 4320:       5      5      4     -7      3    -26     -9    -15    -39     -5
 4330:     -44    -40     11     17     10      9     50    101      3    112
 4340:     131    -48    -55   -143    -53    -69    -99    -39    -64     12
 4350:     -11     30     39     61     62     32     49     14     32     11
 4360:       0     -5    -11    -18    -16    -17    -28    -28    -24    -25
 4370:      -7      1      3     13     10     22     31     19     18     19
 4380:      16     10     18    -10     46    116    -61   -105    -34    -50
 4390:     -51    -71    -33      0     -5     11     24     43     41     49
 4400:       8     34     11      1    -21      1     47     17    -17    -60
 4410:     -10     -8    -31    -19    -19     13     -9     15      7     34
 4420:      35     23      6     12     17    -10     -9      5    -12     12
 4430:       3    123     84   -172    -22    -24    -56    -41   -101     50
 4440:     -10      6     17     38    110    175     89   -101    -23    -81
 4450:    -104   -129   -164     14      5     -3     24     77    124     55
 4460:      96     74     41      4     88      3   -130     10    -67    -48
 4470:     -39    -67     67     41     32    107     26    -36     -3    -61
 4480:      -8    -60    -79    -34    -21    -27    -36     14     -7     33
 4490:      15     -8     16    -25     -5      5      0     -9     44     20
 4500:      30     51      3     19     12    -18     26      8    -21      5
 4510:      15     -3     12      0      0     10     -8    -58     -9      5
 4520:     -49    -15      1    -45    -39     19     11    -45    -27     -1
 4530:      30     -3    -51    -50     -5     15      2     -3      5     44
 4540:      54     -8    -16     -3     28     17     -8    -21     13     21
 4550:     -14    -17     22     68     39    -10     -5     28     10    -46
 4560:     -63    -12     13    -20     21     19    -10    -17     20     -5
 4570:     -31    -10    -44    -40    -63    -75    -50    -63    -91    -32
 4580:     -17    -74    -30     24      6     14     42     94     78      5
 4590:      -4    143    176     61    -23     30    133    125     76    -12
 4600:      16     48     22    -19    -48     -9    -87    -88   -116    -83
 4610:     -78    -94   -144   -174    -51    -59   -113   -115    -62    -64
 4620:     -32    -38    -95     54     27    -33     26     77    120     72
 4630:     190    229    210    264    178    207    182    171     80     22
 4640:      22    -86    -52   -135   -122   -126   -190   -138   -150    -85
 4650:    -116    -88    -35   -151    -57    -33    -95    -16   -107    -20
 4660:      10    -36     19   -125     -8    -55   -196    -52    -74     17
 4670:     104    213    308    285    431    394    285    289    232    176
 4680:      69    -16    -81   -153   -185   -194   -232   -259   -219   -195
 4690:    -179   -153   -119    -94    -68    -24    -60    -51     15     13
 4700:      18     38     36      9     -1     15    -51   -100    -62    -61
 4710:     -60     32    232    279    176    242    292    251    255    221
 4720:     129     57      7    -24    -73   -137   -145   -187   -232   -144
 4730:    -134   -251   -186   -128   -124    -64    -73    -16     33     46
 4740:      95     90     86     73     78    103     24    -26    -24   -105
 4750:    -149   -131    -90    -17     25     68    165    204    208    214
 4760:     185    215    212    140     82     15    -26    -45    -91   -140
 4770:    -162   -187   -175   -149   -149   -116    -86    -70    -33    -11
 4780:       0      6     15     17      5     16     38      9    -38    -54
 4790:     -85   -155   -175   -172   -214   -151    166    401    316    266
 4800:     358    454    471    340    201     93    -44   -117   -138   -207
 4810:    -264   -310   -312   -258   -211   -165   -142   -125    -84    -32
 4820:      14     45     58     58     51     39     51     50     21    -12
 4830:     -59   -122   -174   -209   -269   -310    -43    392    463    323
 4840:     326    441    553    483    299    158    -29   -166   -163   -199
 4850:    -272   -341   -367   -289   -219   -178   -139   -123    -93    -49
 4860:      -6     54     90     70     43     42     65     52      7    -24
 4870:     -65   -111   -178   -271   -346   -403   -144    401    586    451
 4880:     362    455    671    619    369    165    -51   -210   -269   -294
 4890:    -309   -397   -455   -343   -214   -130    -96    -89    -43     -7
 4900:      31     85     94     47    -15    -21      3     -4    -30    -71
 4910:    -141   -226   -311   -425   -482    -82    543    732    599    460
 4920:     575    764    634    401    123   -180   -383   -495   -451   -371
 4930:    -373   -382   -346   -193      3     94     97     37    -12      7
 4940:      55     85     22    -82   -116    -83    -33    -29    -68   -123
 4950:    -210   -312   -434   -593   -443    202    736    828    645    564
 4960:     775    829    661    390     36   -274   -557   -632   -541   -508
 4970:    -497   -456   -275     -4    158    224    207    129     54      8
 4980:      24      9    -92   -182   -188   -129    -76    -73   -103   -143
 4990:    -212   -331   -495   -689   -448    347    935   1001    684    587
 5000:     836    878    726    369    -13   -377   -718   -734   -611   -507
 5010:    -533   -531   -261     55    272    345    311    222     71      6
 5020:      22     -5   -128   -273   -297   -225   -132    -86   -109   -176
 5030:    -305   -455   -640   -722   -164    722   1169   1003    616    713
 5040:     969    947    655    192   -181   -602   -835   -771   -600   -504
 5050:    -620   -558   -201    228    463    439    358    234    100     26
 5060:      13    -38   -217   -377   -382   -232    -91    -75   -128   -218
 5070:    -324   -460   -679   -785   -201    763   1273   1076    647    760
 5080:    1056   1052    692    176   -221   -662   -901   -858   -641   -528
 5090:    -657   -602   -253    268    561    541    418    249    154     74
 5100:      26    -72   -269   -406   -421   -273   -133    -95   -146   -247
 5110:    -354   -523   -747   -831   -165    896   1406   1132    641    802
 5120:    1169   1152    682     62   -355   -763   -946   -874   -637   -545
 5130:    -684   -586   -155    416    640    539    361    209    146     83
 5140:      36   -133   -363   -477   -395   -184    -96   -132   -213   -263
 5150:    -318   -488   -777   -948   -255    955   1566   1230    626    791
 5160:    1252   1265    691    -37   -478   -848   -985   -894   -635   -554
 5170:    -701   -576    -68    579    751    532    265    139    138     87
 5180:       3   -222   -445   -517   -370   -130    -22    -70   -205   -278
 5190:    -342   -498   -805  -1017   -328    972   1648   1276    619    810
 5200:    1374   1373    666   -177   -605   -879   -971   -894   -676   -600
 5210:    -708   -492    113    729    755    419    160    134    166     80
 5220:     -61   -305   -489   -482   -241    -39    -91   -250   -323   -287
 5230:    -387   -698  -1091   -921    365   1602   1721    918    559   1189
 5240:    1612   1162     99   -616   -862   -951   -899   -788   -622   -689
 5250:    -596   -115    570    875    587    215     78    130     57   -105
 5260:    -278   -409   -453   -339    -72    104     63   -112   -188   -178
 5270:    -287   -657  -1129  -1333   -489   1104   1849   1343    563    921
 5280:    1772   1715    632   -537   -897   -911   -896   -947   -891   -808
 5290:    -707   -232    435    906    765    377    191    224    151   -122
 5300:    -365   -495   -477   -336   -108      8    -52   -170   -153   -124
 5310:    -295   -723  -1211  -1343   -289   1395   1944   1174    416   1085
 5320:    2024   1697    276   -858   -935   -777   -803   -990   -959   -809
 5330:    -532     57    665    885    498    176    197    305     53   -360
 5340:    -496   -373   -234   -190   -100    -14    -13    -58    -60   -108
 5350:    -331   -731  -1163  -1495   -851   1010   2068   1494    428    883
 5360:    2188   2113    535   -942  -1002   -657   -755  -1144  -1203   -866
 5370:    -484    111    646    812    478    305    402    370    -89   -541
 5380:    -527   -311   -228   -283   -126    108    174     51    -44   -106
 5390:    -283   -576   -978  -1420  -1523   -108   1794   2058    918    466
 5400:    1800   2587   1379   -549  -1198   -706   -648  -1133  -1453  -1108
 5410:    -572    -12    552    793    631    398    497    479     23   -577
 5420:    -641   -320   -189   -321   -293    -15    176    145     10   -115
 5430:    -271   -479   -838  -1351  -1668   -479   1661   2147    987    359
 5440:    1731   2761   1541   -501  -1204   -593   -539  -1171  -1562  -1185
 5450:    -521     44    546    665    488    349    658    633    -58   -752
 5460:    -659   -172   -120   -384   -350     83    357    232    -20   -146
 5470:    -182   -313   -628  -1159  -1649  -1528    325   2171   1825    575
 5480:     795   2549   2629    600  -1100   -983   -365   -855  -1594  -1630
 5490:    -870   -140    382    619    530    503    727    791    134   -611
 5500:    -740   -329   -201   -372   -375    -46    250    280    146    -47
 5510:    -176   -282   -432   -896  -1497  -1799   -679   1664   2156    931
 5520:     471   2038   3023   1362   -702  -1102   -358   -590  -1521  -1797
 5530:   -1164   -259    255    522    453    514    713    866    351   -489
 5540:    -724   -399   -218   -491   -514    -50    436    397    132     27
 5550:      30   -100   -412   -728  -1063  -1428  -1661   -700   1597   2199
 5560:    1073    714   2191   2940   1136   -777   -998   -397   -828  -1740
 5570:   -1793  -1032   -126    325    509    471    667    955    844     14
 5580:    -649   -580   -324   -442   -673   -388    186    498    294    112
 5590:     131    110   -160   -530   -745   -988  -1361  -1727   -829   1591
 5600:    2259   1043    740   2298   2974   1036   -807   -886   -364   -932
 5610:   -1850  -1795   -974    -61    340    438    451    803   1039    703
 5620:     -74   -575   -462   -370   -561   -677   -318     93    313    449
 5630:     378    124     19    -74   -362   -764  -1015  -1253  -1491  -1296
 5640:     692   2307   1491    780   1826   2982   1637   -428   -864   -453
 5650:    -802  -1779  -1893  -1174   -253    247    360    472    832   1170
 5660:     781    -34   -502   -362   -418   -701   -706   -236    105    225
 5670:     277    335    264    103   -131   -369   -595   -806  -1153  -1471
 5680:   -1466     85   2110   1677    723   1553   2917   2060   -118   -752
 5690:    -380   -628  -1665  -1982  -1298   -383    129    178    379    857
 5700:    1189    727     51   -256   -271   -462   -721   -677   -334     26
 5710:     146    321    467    352    107    -61   -269   -509   -749   -989
 5720:   -1309  -1448  -1094   1024   2254   1140    937   2328   2835    983
 5730:    -580   -469   -383  -1177  -2029  -1704   -814    -83     68    197
 5740:     710   1202   1006    306   -127   -191   -340   -766   -815   -475
 5750:    -109     50    171    456    589    354     21   -117   -275   -542
 5760:    -804   -949  -1139  -1203  -1196    305   2268   1548    838   1926
 5770:    2764   1402   -390   -519   -408  -1022  -1886  -1791   -918   -192
 5780:      35    118    696   1178    993    315     69    -36   -356   -783
 5790:    -806   -481   -215    -99     93    484    624    323     61    -22
 5800:    -195   -520   -797   -876  -1056  -1231  -1316     91   2202   1493
 5810:     738   1963   2806   1455   -280   -354   -280  -1016  -1913  -1817
 5820:    -889   -294   -170     21    787   1209    908    339    209     45
 5830:    -376   -821   -782   -465   -291   -197    120    440    592    488
 5840:     198     -5    -99   -389   -708   -828   -843  -1060  -1201  -1049
 5850:     835   2249    971    968   2442   2434    665   -382   -123   -440
 5860:   -1411  -1989  -1397   -565   -365   -270    323   1077   1040    570
 5870:     291    325     -1   -624   -859   -526   -353   -320   -120    338
 5880:     504    402    280    191    -35   -292   -497   -606   -732   -878
 5890:   -1053  -1055   -809   1277   2000    554   1318   2651   1923    249
 5900:    -173     89   -644  -1624  -1827   -996   -563   -596   -247    584
 5910:    1032    742    486    530    369   -271   -660   -595   -451   -544
 5920:    -396     65    349    327    423    377    210    -29   -224   -392
 5930:    -554   -724   -739   -892   -955  -1054    404   2089    817    723
 5940:    2383   2244    690   -101    229   -254  -1349  -1815  -1160   -645
 5950:    -810   -508    331    889    684    537    627    576      6   -525
 5960:    -486   -382   -572   -557   -132    247    247    242    435    365
 5970:      50   -145   -201   -397   -615   -690   -701   -863   -955   -866
 5980:    1136   1794    264   1305   2599   1616    273    197    359   -653
 5990:   -1576  -1522   -816   -877   -975   -250    556    646    472    684
 6000:     803    425   -179   -341   -276   -517   -687   -419    -71     94
 6010:     160    337    486    297     46      3   -143   -440   -561   -573
 6020:    -658   -854   -840   -951    346   1849    483    768   2455   1870
 6030:     563    322    523   -313  -1344  -1447   -940   -938  -1190   -474
 6040:     286    439    364    738    879    509     95    -35   -214   -425
 6050:    -631   -478   -277   -166    -27    208    356    340    287    232
 6060:     -29   -140   -338   -485   -538   -647   -798   -739   -929    154
 6070:    1675    485    666   2329   1762    611    462    609   -260  -1220
 6080:   -1270   -904  -1057  -1266   -504    124    190    296    783    882
 6090:     558    242    165    -57   -422   -549   -427   -428   -305    -66
 6100:     143    225    309    289    210     77    -64   -278   -365   -457
 6110:    -606   -768   -727   -907    -77   1427    476    521   2200   1714
 6120:     689    672    760   -125  -1023  -1058   -878  -1175  -1356   -609
 6130:    -119   -114    177    748    824    530    483    452     51   -291
 6140:    -317   -369   -526   -431   -133    -65    -29    186    263    217
 6150:     242     40    -54   -118   -334   -451   -518   -673   -711   -837
 6160:     177   1187    174    789   2099   1279    657    876    692   -263
 6170:    -842   -787   -865  -1321  -1214   -512   -390   -317    238    697
 6180:     612    550    667    516    124   -101   -162   -339   -528   -416
 6190:    -218   -180   -126    130    246    132    140    181     19   -175
 6200:    -202   -328   -550   -636   -673   -698    144    806    238    864
 6210:    1746   1156    806    962    650   -138   -573   -617   -894  -1279
 6220:   -1091   -670   -645   -425    143    453    466    573    758    610
 6230:     211    169     65   -305   -413   -346   -329   -347   -229     13
 6240:      69     74    187    192     78    -14    -72   -186   -387   -492
 6250:    -552   -715   -469    450    430    211   1204   1426    844    905
 6260:     981    425   -200   -351   -537  -1009  -1172   -872   -790   -780
 6270:    -335    109    230    376    672    735    484    411    366     24
 6280:    -193   -231   -339   -410   -345   -268   -175    -69     29    176
 6290:     156     66    172     48   -156   -189   -331   -496   -550   -586
 6300:     -38    416     91    616   1269    888    813   1021    710    155
 6310:     -77   -256   -684   -995   -897   -837   -923   -633   -222    -67
 6320:     121    447    616    616    515    533    400     50    -23   -122
 6330:    -346   -361   -339   -336   -248   -114    -40     14     71    131
 6340:      53      0    -43   -206   -341   -400   -540   -245    272     39
 6350:     280    987    829    726    976    839    395    174     22   -389
 6360:    -737   -759   -802   -961   -791   -484   -364   -167    206    398
 6370:     429    568    620    471    343    249     56   -126   -190   -284
 6380:    -378   -325   -266   -247   -150      0      3     13    132     51
 6390:     -51    -37   -191   -311   -366   -275    145     55    100    713
 6400:     678    566    841    776    447    310    183   -186   -473   -549
 6410:    -662   -845   -754   -570   -517   -338    -33    112    301    440
 6420:     463    554    444    340    282     80    -35   -127   -257   -297
 6430:    -290   -290   -232   -193   -141    -37    -34    -26     23    -47
 6440:    -156   -147   -249   -271    192     90     17    627    592    466
 6450:     754    721    449    361    278    -64   -313   -389   -541   -751
 6460:    -691   -592   -604   -422   -148    -73     89    325    366    399
 6470:     458    403    303    223    118    -17   -114   -181   -218   -260
 6480:    -251   -217   -190   -136    -85    -69    -35    -34    -78   -108
 6490:    -120   -221    -42    183     -8    251    550    388    521    665
 6500:     514    391    360    170    -90   -208   -328   -525   -608   -555
 6510:    -564   -517   -348   -212   -117     64    202    257    333    356
 6520:     315    281    213    114     42    -33   -120   -154   -191   -218
 6530:    -197   -183   -165   -129   -107   -104   -110   -121   -117   -143
 6540:      74    145     41    391    451    359    577    557    423    398
 6550:     317     92    -66   -161   -343   -481   -487   -527   -554   -424
 6560:    -334   -266   -109     25     92    190    277    269    248    268
 6570:     191    106     94    -13    -94    -89   -151   -188   -158   -168
 6580:    -167   -139   -135   -137   -112   -103    -26    131     84    208
 6590:     406    328    426    519    407    383    358    201     62    -30
 6600:    -175   -318   -398   -441   -506   -479   -406   -375   -275   -142
 6610:     -75     21    125    179    209    229    235    191    146    127
 6620:      39    -16    -35    -88   -146   -166   -143   -201   -174   -127
 6630:     -81     35     55    195    283    299    413    409    379    370
 6640:     301    189     96    -10   -145   -244   -321   -397   -432   -413
 6650:    -394   -345   -254   -181    -98      7     68    136    195    190
 6660:     216    206    142    121     76     -2    -30    -62   -126   -131
 6670:    -126   -163   -131   -107    -80     92     88     91    317    252
 6680:     246    398    250    227    263     95     31    -14   -136   -203
 6690:    -254   -300   -325   -307   -263   -244   -176    -99    -63     18
 6700:      77     94    137    150    134    142    106     57     51     -6
 6710:     -34    -36    -78    -54    -40    -57    -30    -11    -17     13
 6720:      43     47     40     54     57     34     66     48     50     71
 6730:      42     62     42     36     33     16     -2    -19    -17    -60
 6740:     -61    -67    -99    -87    -83    -86    -61    -50    -35    -15
 6750:     -10     14     10     16     39     19     12     26      7    -14
 6760:      15    -11    -18     16    -10      6     17      2     10     19
 6770:      13     12     32     10     16     28     11     12     21     26
 6780:      23     33     36     29     25     27     21     37      4    -33
 6790:      16    -26    -63     -6    -39    -76    -37    -56    -66    -40
 6800:     -32    -24    -27    -14      0    -17      8     35     14     29
 6810:      38     10      6     11      0     -3     -2     -6    -12    -13
 6820:     -11    -20     -8      1      9     24     25     27     27     29
 6830:      41     48     37     47     36     20     25     13      6      5
 6840:      -2    -21    -11    -19    -32    -11    -27    -34    -21    -35
 6850:     -36    -13    -23    -12     -3    -18     -8    -13    -11     -9
 6860:      -6      3      1      3      2     -5     -4     -1     -9     -4
 6870:      -5    -14    -10    -15    -13     -4     -1      3     11     13
 6880:      15     31     34     39     51     50     51     57     62     50
 6890:      46     42     17     11      5    -15    -13    -18    -43    -40
 6900:     -50    -65    -50    -53    -49    -38    -38    -33    -28    -20
 6910:     -11     -8     -1      0     -4      2     -1     -1      5     -2
 6920:      -3     -4    -12    -12     -6     -4      4     18     11     15
 6930:      23     13     31     43     44     52     56     44     34     44
 6940:      32     20     34     16     -3     17     -7    -26      2    -34
 6950:     -41    -16    -46    -36    -17    -42    -36    -32    -51    -38
 6960:     -31    -30    -14    -14    -11     -5     -7     -1      5      5
 6970:      11     11     10     11      6      3      0     -1      0      0
 6980:       9     12     12     18     14     18     32     33     41     44
 6990:      33     26     16     21     18     14     25      0    -13     -8
 7000:     -34    -32    -13    -33    -30    -17    -38    -32    -11    -20
 7010:     -10     -1    -14    -13    -10     -5     -2      1      8      0
 7020:      -5      0     -6     -8      3     -4     -8      2     -8    -11
 7030:      -4     -5     -3      0     10      4      3     16     10     16
 7040:      30     27     29     34     24     16     22     19     11     19
 7050:      15    -10     -5    -11    -27    -10     -9    -19    -14    -18
 7060:     -27    -17     -9    -13    -10     -7    -15    -10     -6     -7
 7070:      -2     -2     -4      1      2      7     14      6      9      8
 7080:      -2      6     -2     -5     -6    -18    -10    -10    -12      4
 7090:      -3     -3      8     -1     10     18     15     24     25     22
 7100:      23     18      8      6      4      2      4      2     -1      1
 7110:      -6     -8     -7    -14     -8     -7     -4     -3     -7     -2
 7120:     -12    -13     -5    -15    -12     -3    -15     -6      2    -10
 7130:       2      6     -3      3      4     -1      4      6      3      1
 7140:       2     -2     -7     -1     -1      0      3      4      5      5
 7150:       6      9      3      8     16      6     12     15      0     -2
 7160:       4     -3     -5      5     -2     -5     -1     -6     -6      1
 7170:       3     -4     -4     -3     -9     -6     -1     -8     -7     -3
 7180:      -3     -5      0      4     -7     -3      1     -9     -3      2
 7190:      -5     -8     -4     -5     -5     -2      3     -4     -6      2
 7200:      -7      0     11     -1      6     14      5     17     15      7
 7210:       7      1     -3      1      0      3      5     -7     -1     -6
 7220:     -13     -4    -15    -14     -5     -7      4     11      7      1
 7230:      -1     -3     -7      2      6     -2      0      5     -4     -2
 7240:      -1    -15    -11     -6     -9     -6      0     -1     -2      3
 7250:       6      7      8      8      3      0     -2     -1     -5     -5
 7260:      -1     -7     -3      7      1      3      9      0      0      8
 7270:       3      4     12      4      0      6      1     -2      4      3
 7280:      -8     -6     -6    -16     -2      2     -3      1     -2     -7
 7290:      -8      0      3      4      8     -2     -9     -1     -5     -5
 7300:       4     -1     -1     -1     -3     -3      2      1     -2      5
 7310:       2      6      9     -2     -6     -8    -10      2      4      2
 7320:       3     -6      0      8      1      5      3     -6     -3     -4
 7330:      -3      0     -8    -13    -11    -11     -2      6      1      1
 7340:      -5    -10     -4      1      4      6     -1     -8     -6     -5
 7350:      -2     -1     -4     -4     -8     -5      0      0      1      0
 7360:       0      0      3      4      1     -6    -11    -11     -8      0
 7370:       1      1     -3     -7     -6     -8     -5     -5     -8     -8
 7380:      -4      0      3      8      6      1     -4     -1     -2     -2
 7390:       6      1     -2     -3    -11     -8     -7     -5      0     -6
 7400:      -7     -6     -3      4     11     10      4     -3     -4     -2
 7410:      -6      1      0     -7     -6    -10     -9     -7     -3      0
 7420:       2      3     -2     -1      2      0     -2     -3     -6     -4
 7430:       0     -2     -1      0     -3     -5     -3      0     -3     -1
 7440:      -2     -4     -1     -2      3     -1     -7     -8    -11     -9
 7450:      -7     -6     -7     -5     -5     -4      3     -2     -2      1
 7460:      -1      1      2      2     -2     -4     -4     -1      1      1
 7470:      -2     -9     -4     -1     -2      2      2     -4     -3      2
 7480:       3      3      2     -1     -8     -5     -3     -8     -4      0
 7490:      -2      1      2     -3     -6     -5     -4     -4      3      7
 7500:       2      0     -2     -5     -2      3      3      0      1      4
 7510:       2      3      9      5      2      6     11     11     11     13
 7520:       9      3      1      4      4      3      6      4      2      3
 7530:       4      0     -2      0      3      7     10      9      5      2
 7540:       3      2      2      4      3      2      2      4      5      7
 7550:      10      9      9      8     10     12     12     13     11     10
 7560:      12     12     10     12     11      7      7     10     13     11
 7570:       9      9      7     12     14     10      7      5      1      1
 7580:       3      7      8      5      5      6      7      9     11      9
 7590:       6     10     11      8      9     10      7      3      2      1
 7600:       1      7     12      9      7      8      8      5      8     10
 7610:       8      8      6      3      2      2      2      2      3      4
 7620:       3      2      2      0     -1      3      5      5      7      5
 7630:       4      7      5      3      4      5      2      2      5      3
 7640:      -1     -1      0     -2     -1      2      0      0      2      2
 7650:       3      5      7      5      3      4      5      5      4      2
 7660:       1      2      3      3      4      1      0      0      1      5
 7670:       7      5      4      4      4      5      6      4      2      3
 7680:       5      2      2      2     -2     -3      1      5      3      3
 7690:       4      0      0     -1     -1     -1      0      2      2      1
 7700:      -3     -2     -2      1      3      4      4      3      2      2
 7710:       3      0     -3     -3     -4     -5     -5     -4     -4     -5
 7720:      -2     -1     -2     -3     -5     -4     -3     -1     -3     -3
 7730:      -2     -2     -2     -3     -3     -2     -5     -3      0     -4
 7740:      -5     -1     -6     -8     -6     -4     -5     -5     -4     -5
 7750:      -5     -3     -3     -4     -5     -3     -1     -3     -2     -1
 7760:      -3     -4     -7     -7     -6     -7     -8     -8     -8     -7
 7770:      -6     -5     -6     -5     -4     -3     -4     -3     -2     -3
 7780:      -2      1     -3     -5     -4     -3     -4     -7     -6     -3
 7790:      -5     -6     -3     -3     -6     -6     -5     -7     -8     -6
 7800:      -7    -12    -12     -8     -8     -9     -6     -3      1      3
 7810:       0     -2     -2      0     -1     -1     -1     -1     -2     -3
 7820:      -3     -5     -6     -5     -5     -3     -2     -2     -4     -2
 7830:       3      5      1     -2     -1     -4     -3     -3     -4     -5
 7840:      -7     -3     -1     -2     -1     -3     -6     -5     -1      0
 7850:       0      1      2      4      5      6      7      7      9      9
 7860:       9      8      8      9      8      5      5      4      4      5
 7870:       6      6      3      3      2     -1     -1      0      1      0
 7880:       0      0      1      0     -2      0      1      2      4      7
 7890:       8      7      8      8      8      9      9     10      9      6
 7900:       7      6      6      5      3      2      1      1      0      2
 7910:       4      6      4      2      4      6      5      2      3      1
 7920:      -2     -2     -2     -2     -1      0      2      2      2      4
 7930:       4      3      3      3      3      2      2      0     -2     -3
 7940:      -3     -5     -6     -4     -3     -1      0      1      2      3
 7950:       3      5      6      4      3      3      1     -3     -4     -3
 7960:      -4     -3     -1     -6     -8     -6     -6     -7     -6     -4
 7970:      -4     -4     -3     -3      0     -1     -1      1      0     -1
 7980:      -1     -1     -2     -4     -4     -3     -3      0     -3     -7
 7990:      -7     -7     -8     -7     -5     -4     -3     -2     -2     -4
 8000:      -3      0      1      3      0     -3     -3     -4     -3     -5
 8010:      -7     -5     -4     -5     -6     -6     -6     -5     -5     -4
 8020:      -4     -3     -3     -3     -3     -7     -5     -4     -7     -6
 8030:      -3     -1     -2     -1      1      0      0      0     -1     -1
 8040:      -1     -1     -3     -6     -6     -7     -4     -3     -3     -1
 8050:      -3     -5     -5     -5     -3     -4     -2     -3     -4     -2
 8060:      -2     -4     -4     -3     -1      0      2      0      1      2
 8070:       2      1     -1      0      2      3      1      0     -1     -5
 8080:      -5     -5     -5     -4     -2      1      2      1      2      1
 8090:       3      4      5      4      4      4      3      3      1      2
 8100:       3      2      4      4      4      4      6      7      7      6
 8110:       6      7      7      7      5      5      5      6      5      5
 8120:       7      5      5      3      2      2      2      4      5      5
 8130:       5      5      4      3      5      4      6      5      3      4
 8140:       2      2      2      1     -1     -1      0     -1     -2     -2
 8150:       0     -1      0      4      3      1      2      3      1      3
 8160:       3      4      4      2      1      2      2     -1     -1     -1
 8170:      -5     -4     -3     -4     -3     -2     -2     -3     -4     -3
 8180:      -4     -5     -3     -2     -4     -7     -6     -7     -9     -7
 8190:      -8     -8     -6     -6     -7     -8     -7     -6     -5     -3
 8200:      -1     -1     -1      0      1      1      1      1      1      1
 8210:      -1     -2     -5     -6     -7     -7     -8    -10    -11    -11
 8220:      -9     -8     -9     -8     -8     -6     -4     -1     -2     -2
 8230:      -1     -2     -1     -4     -5     -4     -5     -6     -6     -7
 8240:      -9     -9    -10    -10     -9     -9     -8     -8     -7     -6
 8250:      -6     -1      0      0      1      0      0     -1     -1     -1
 8260:       0      0     -1      0      0      1     -1     -4     -3     -2
 8270:      -4     -5     -5     -6     -4     -4     -3     -3     -3     -1
 8280:      -1      1      1      2      2      1      2      1      2      2
 8290:       2      2      2      3      2      3      2      3      5      5
 8300:       5      5      4      3      4      4      3      2      2      2
 8310:       3      3      3      4      2      2      2      2      4      5
 8320:       5      4      5      4      5      5      4      5      4      3
 8330:       3      3      2      2      3      3      4      4      3      3
 8340:       4      5      3      2      3      2      0      0      1     -2
 8350:      -2     -1     -1      0     -1     -1      1      2      2      0
 8360:       0      1      1      1      0     -2     -4     -4     -2     -2
 8370:      -1     -1     -3     -3     -6     -5     -5     -6     -6     -7
 8380:      -4     -4     -5     -4     -3     -1     -1      0      0     -1
 8390:      -1     -2     -1     -3     -3     -3     -3     -2     -2     -3
 8400:      -2     -2     -4     -4     -4     -3     -2     -2     -3     -3
 8410:      -3     -2      0     -2      0      0     -2     -2     -3     -2
 8420:      -3     -4     -4     -4     -5     -6     -6     -7     -6     -5
 8430:      -6     -5     -4     -5     -6     -7     -6     -5     -4     -1
 8440:       1      0      2      5      6      5      6      6      4      4
 8450:       0     -2     -2     -3     -4     -4     -4     -4     -5     -5
 8460:      -5     -4     -2     -1      1      1      1      2      2      4
 8470:       6      7      6      5      5      5      4      4      3      2
 8480:       1      1      1      1      1      2      2      3      3      4
 8490:       5      6      8      8      8      8     10     10      9      9
 8500:       7      6      5      6      5      5      4      2      2      2
 8510:       1      1      1      2      3      1      5      6      4      5
 8520:       5      6      6      6      6      5      5      5      5      4
 8530:       5      5      4      3      1      1      3      1      0      2
 8540:       1      0     -2     -2     -3     -3     -3     -4     -3     -4
 8550:      -3     -2     -2     -2     -1     -2     -3     -1     -2     -1
 8560:      -3     -3     -2     -4     -4     -4     -5     -5     -4     -4
 8570:      -5     -5     -3     -2      0      1      1      2      1      0
 8580:      -1     -1     -2     -4     -4     -5     -6     -5     -4     -4
 8590:      -3     -2     -4     -1      0     -2     -2      0      0      0
 8600:       2      2      0      2      1      1      2      0      0      0
 8610:       0     -1     -2     -3     -4     -2     -2     -3     -2     -2
 8620:       0      1      0      2      4      5      6      4      3      4
 8630:       4      3      2      1      0      0      0     -1     -3     -3
 8640:      -6     -6     -4     -5     -4     -4     -5     -4     -4     -1
 8650:      -1     -2     -1     -1      0      0      1      1      1      2
 8660:       2      2      3      3      2      1      0     -1     -1     -1
 8670:      -2      0      2      3      3      3      5      6      5      5
 8680:       5      4      4      2      2     -1     -2     -2     -3     -3
 8690:      -3     -2     -3     -3     -2     -1     -1     -2     -1     -1
 8700:      -1     -1     -1     -1     -2     -1      0      1      1      0
 8710:       1      2      0      0      2     -1     -1      2      2      4
 8720:       4      5      5      5      5      8      8      8      7      5
 8730:       4      4      2      0      1      1      0     -1     -2      0
 8740:      -1     -2     -2     -2     -2     -2     -2     -2     -2     -3
 8750:      -3     -1      0      1      0      0      0      0      2      0
 8760:       1      3      2      3      4      3      3      4      4      2
 8770:       1      1     -2     -4     -5     -5     -4     -6     -5     -4
 8780:      -3      0      2      3      4      3      4      4      3      2
 8790:       2      0      0      0      0     -1     -1     -1      1      2
 8800:       0      1      1      0      0      0      1      1      0      0
 8810:       1      1      0     -1      1      1      1      0      1      1
 8820:       0      1      1      2      2      2      1      1      1      0
 8830:       0      0      1      0      0      1      2      4      3      4
 8840:       6      5      6      6      6      6      5      5      2      1
 8850:       0     -1     -1     -2     -2     -2     -2     -2     -3     -4
 8860:      -5     -4     -3     -2     -2     -2     -1     -1      0      0
 8870:       0      0     -1      1      0     -1     -2     -2     -2     -2
 8880:      -1     -2     -4     -4     -4     -4     -4     -3     -4     -3
 8890:      -3     -4     -3     -4     -2     -2     -4     -3     -3     -2
 8900:      -2     -2     -2     -3     -2     -3     -3     -4     -3     -3
 8910:      -3     -3     -1      1      0      2      1      1      0     -1
 8920:      -1     -2     -2     -2     -2     -3     -3     -1     -1     -1
 8930:      -1     -1      1      1      1      3      2      3      2      3
 8940:       3      2      3      3      3      2      2      2      3      2
 8950:       1      2      2      3      3      2      4      4      3      4
 8960:       4      3      3      3      2      2      2      0      2      2
 8970:       1      2      3      4      4      4      4      5      4      4
 8980:       4      3      3      3      3      2      3      4      3      3
 8990:       2      2      3      2      1      2      1      1      2      0
 9000:       1      1      1      1      2      2      1      1      2      3
 9010:       3      2      2      2      2      2      1      0      1      3
 9020:       2      2      2      2      3      1      1      1      1      1
 9030:       2      1      1      2      1      1      1     -1     -1     -1
 9040:      -3     -2     -2     -3     -2     -2     -2      0      0     -1
 9050:      -1     -2     -3     -2     -2     -1     -2      0      1     -1
 9060:      -2     -3     -1      0     -2     -3     -4     -2     -2      0
 9070:      -1     -2      0     -1     -1      0     -1     -1     -3     -3
 9080:      -3     -4     -3     -5     -4     -2     -3     -1     -2     -2
 9090:      -1     -1     -2     -3     -3     -3     -2     -3     -3     -2
 9100:      -3     -3     -2     -1      0      0     -1      0      2      3
 9110:       1      1      1
------------------------------------ END ------------------------------------
