-------------- Source: dataAurora2/specLabDMML/TRAIN/CLEAN1/FAC_13A.mfcc ---------------
  Sample Bytes:  52       Sample Kind:   MFCC_E
  Num Comps:     13       Sample Period: 10000.0 us
  Num Samples:   112      File Format:   HTK
------------------------------------ Samples: 0->-1 ------------------------------------
0:     -10.793  -3.549  -1.983  -6.102  -8.174  -5.806  -2.174  -3.073   2.005  -1.445
         0.748  -4.894   5.398
1:     -11.739  -4.856  -4.790 -11.615  -5.556  -9.554  -4.159  -3.036   1.384  -7.973
         1.537  -1.025   5.421
2:     -11.487  -2.292  -4.420  -8.004 -11.974  -8.750  -1.367  -2.837   0.960  -5.818
        -1.781  -7.542   5.366
3:     -12.157  -3.061  -7.631  -6.812  -7.066  -9.187   0.049  -6.763  -4.848  -3.147
         2.035  -3.736   5.252
4:     -13.413  -1.584  -6.423  -6.836  -5.612  -6.996  -7.749  -6.708   5.242  -2.546
        -3.661  -1.587   5.215
5:     -11.879  -2.574  -2.793  -9.417  -6.850  -7.772   0.447  -1.910   7.671   3.964
        -6.323  -3.051   5.357
6:     -12.967  -2.450  -4.028 -11.217  -4.491  -4.448  -1.855  -7.544   2.694  -5.319
        -1.964   2.964   5.226
7:     -12.532  -6.194  -7.082  -8.405  -7.960 -10.245  -1.702  -0.279  -2.168  -1.606
         1.532  -0.267   6.685
8:     -11.401 -16.135  -9.036  -0.616 -14.158 -16.643   2.101  -1.503  -5.142   4.920
         4.071  -0.480   6.782
9:     -12.241  -7.008  -5.917  -3.079  -8.574 -15.762  -0.103   5.540  -2.390  -1.341
         3.374  -0.369   6.788
10:    -12.307  -2.292  -6.193  -9.358  -4.188  -7.096  -3.648  -1.572   3.165  -8.292
        -0.797  -0.136   5.434
11:    -10.106  -2.013  -8.055  -9.514  -2.415 -10.451  -5.965  -2.428  -0.148  -6.849
        -6.668  -0.042   5.513
12:    -13.221  -2.366  -4.035  -9.222  -1.972  -7.086  -1.216  -1.261  -0.785  -8.897
        -5.592   1.666   5.209
13:    -12.220  -3.448  -8.073  -7.124  -6.416 -11.643  -5.735  -5.044  -1.298  -2.887
         2.951   2.550   5.176
14:    -14.090  -2.497  -4.801  -8.971  -9.811  -6.736  -1.788  -5.047   1.747  -3.276
         1.527  -4.632   5.328
15:    -12.001  -3.466  -6.388  -9.819  -8.888  -8.610  -3.319  -3.228  -7.770  -6.406
         1.304  -0.028   5.242
16:    -12.485  -2.504  -4.863  -8.996  -8.078 -10.038  -1.543  -0.531  -0.169  -3.973
         3.441   3.469   5.176
17:    -11.657  -0.099  -3.601  -5.253  -7.179  -6.888  -0.950  -3.576  -6.022  -9.119
         1.870   0.018   5.165
18:    -12.323  -3.065  -8.038  -7.800  -7.509  -9.287  -3.495  -5.372   4.337  -2.949
        -1.728  -6.210   5.220
19:    -10.987  -2.969  -4.971 -10.650  -2.705  -6.562   0.328  -2.800  -2.481  -3.482
        -4.680  -3.587   5.561
20:     -6.406   2.627   0.217  -4.960   3.158  -0.046   4.289  -3.063  -3.439   0.250
         0.909  -3.632   8.583
21:      9.206   7.242  -5.150 -12.050  -4.871 -12.072   0.360  -0.474  -2.226  -2.602
        -5.942  -6.917  14.559
22:     11.596   8.050  -9.802 -19.776  -2.094 -20.210   1.293  -2.521  -9.369  -4.505
        -7.652  -4.986  15.305
23:     10.058   4.776  -9.798 -23.235   1.557 -14.420  -0.721  -2.047  -4.257   0.392
        -1.746   1.277  16.531
24:      9.005   0.313 -11.193 -20.908   2.361 -15.586   1.514  -4.085  -3.441   3.561
        -0.898   0.676  17.398
25:      7.669  -0.586 -14.980 -17.839   2.692 -13.230   0.598  -3.744  -4.387   3.614
         2.257   0.537  17.914
26:      7.727  -4.931 -18.233 -14.190   4.993 -12.128  -0.354  -1.450   1.058   5.949
         4.239  -2.363  18.526
27:      6.668  -7.033 -20.335 -10.977   5.148 -10.755  -4.605  -0.862   2.402   5.538
         3.842  -0.037  18.969
28:      4.429 -11.435 -18.037  -7.644   6.281 -12.366  -4.993  -1.723   0.050   1.627
         5.221   2.173  19.167
29:      0.901 -11.471 -16.544  -2.024   5.530 -13.192  -6.039  -1.855   0.726   0.265
         9.781   6.361  19.306
30:     -1.959 -12.500 -14.572  -0.293   0.785 -13.163  -4.738  -2.654  -5.425  -2.762
        13.900   9.729  19.437
31:     -4.613 -13.296 -11.156   2.513  -2.007 -10.406  -2.961  -4.563  -9.419  -0.620
        20.249  10.311  19.546
32:     -6.381 -14.194  -7.756   4.448  -3.413  -9.055  -1.888 -10.334  -8.387   2.697
        25.523   7.413  19.532
33:     -7.552 -13.806  -3.851   4.844  -4.077  -7.724  -2.554 -18.113  -7.404   5.334
        25.561   6.860  19.386
34:     -8.127 -12.777  -2.417   2.823  -5.588  -4.958  -4.295 -23.164  -2.837   4.414
        23.019   6.174  19.051
35:     -8.313 -11.260  -1.510   0.280  -4.988  -3.517  -5.953 -24.676  -1.212   3.956
        21.705   6.934  18.879
36:     -7.324 -10.334  -0.583  -2.030  -3.309  -2.378  -8.161 -27.010  -0.613   2.762
        22.728   9.284  18.790
37:     -4.917  -9.421   0.083  -4.915  -3.068  -3.152  -7.421 -26.469   0.893   3.677
        24.357   7.304  18.680
38:     -0.720  -8.086   0.523 -11.601  -5.296  -2.539  -2.782 -20.463  -1.889   4.763
        16.362   3.452  18.403
39:      3.301  -3.988   5.835 -15.390   0.157 -17.470  -0.998 -16.435  -1.197  13.689
         3.403  -3.156  17.989
40:      3.981   2.327   3.877 -19.549   6.157 -23.635  -0.561  -8.351   4.203   8.227
         0.641  -6.627  17.770
41:      4.911   5.208   3.691 -20.252   4.453 -21.417  -4.869  -6.306  14.665   4.332
        -6.344  -4.237  17.493
42:      5.252   9.351   6.325 -18.135   0.282 -22.034  -5.011  -6.089  16.646   4.409
        -8.764  -2.137  17.135
43:      5.820   9.060   7.016 -14.708   4.688 -25.125  -8.740  -2.194  12.498   8.193
        -4.638   2.970  16.556
44:      2.411   5.235   8.389  -4.821   5.418 -23.974  -9.618  -3.484   0.821   9.543
         1.890   1.585  15.433
45:     -1.307   4.103   9.618  -6.845   0.566 -20.514  -7.775   6.861   5.192   7.687
        -6.682 -13.464  13.495
46:     -5.171  -4.214   0.435 -10.465  -0.568 -12.960   0.270  13.836   0.290   1.861
        -4.603  -4.132  10.225
47:     -9.516  -3.801   4.630  -3.910  12.016   2.570   2.269  -1.761  -8.507  12.037
        -3.413 -10.886   7.928
48:     -9.563   2.788   2.915   2.272   5.233  -1.388  -4.888  -0.781   1.442  -1.466
        -0.982  -9.317   7.342
49:     -8.838  -0.338  -0.067  -4.100  -2.046  -4.545   1.925  -1.649   5.091   0.345
        -0.769  -7.258   6.489
50:    -10.885   1.859  -0.963  -2.969  -5.602  -6.117   1.016   2.508   7.573  -7.350
        -0.225  -2.739   5.994
51:    -13.867  -8.070  -2.328  -8.191  -8.574  -5.496  -2.029  -3.331   0.210  -5.222
        -1.045  -5.530  10.156
52:    -14.145 -10.354  -5.314 -11.157 -12.904  -8.409  -4.060  -6.058  -1.089  -5.247
         1.406  -2.503  12.310
53:    -13.254  -6.621  -8.198 -12.652 -14.847  -7.004  -3.583  -2.264   2.551  -4.600
         3.501  -1.002  12.803
54:    -13.275  -4.914  -8.097 -13.519 -10.295  -3.211  -2.730  -0.930   8.503  -6.561
        -2.805  -1.089  13.142
55:    -12.865  -1.287  -6.059 -11.876  -4.091   2.237   4.193  -1.028  10.622  -2.111
        -6.273  -9.638  13.181
56:     -9.641   0.920   9.438  -1.948  -9.651  -0.287   0.535  -3.421  -1.797  -3.442
        -6.409  -3.415  14.435
57:     -5.772   6.547  -0.070  -9.993  -8.054  -2.362   0.713  -6.568  -1.259  -6.799
         5.461  -4.688  15.015
58:     -3.921  -0.316   3.853 -11.477  -4.585 -10.522   2.993  -7.433  -0.385  -4.652
         7.413  -6.046  15.519
59:     -0.702  -9.776   6.808 -12.799  -7.152 -11.237   3.950  -5.950   1.764  -6.991
         5.758  -2.301  16.160
60:     -0.866 -12.238   3.173 -10.041 -10.998  -9.629   5.005  -4.809   8.266 -12.677
         5.156  -5.303  16.930
61:      0.295 -13.249  -0.315  -5.398 -16.086  -5.953   1.078  -2.169   9.299 -12.743
         7.345  -4.181  17.512
62:      0.615 -14.599  -1.086  -4.442 -19.149  -2.620  -2.191  -0.866   6.516 -11.202
         6.982  -0.744  17.938
63:      0.582 -15.805  -0.081  -4.281 -21.602   0.388  -2.581   0.559   2.158  -8.002
         6.331   0.731  18.245
64:     -0.516 -16.387   0.477  -5.864 -23.644   2.263  -1.338   1.278   0.296  -6.468
         4.030  -1.072  18.483
65:     -1.138 -16.358   1.381  -7.566 -24.484   4.369   0.843   1.320  -0.508  -4.910
         3.790  -0.869  18.704
66:     -2.524 -16.074   3.168 -10.377 -24.374   6.943   0.352   1.678   1.183  -4.812
         3.445  -2.624  18.923
67:     -3.648 -15.209   3.857 -13.267 -22.603   8.134  -0.046   1.493   1.647  -4.060
         1.935  -3.432  19.089
68:     -4.711 -13.303   3.965 -15.449 -20.751   8.854  -0.500   3.082   2.541  -1.901
        -0.323  -3.508  19.162
69:     -5.607 -12.413   2.922 -19.332 -17.777   7.080  -0.138   3.475   4.034  -1.407
        -0.741  -3.861  19.174
70:     -6.695 -10.466   1.669 -21.532 -14.228   5.761  -0.318   3.106   4.606  -1.118
        -2.071  -3.092  19.181
71:     -7.310  -8.286   0.472 -23.328 -11.368   4.203   0.635   3.907   6.530  -1.778
        -1.646  -2.027  19.155
72:     -8.092  -6.871  -0.860 -25.254  -8.593   2.288   0.912   3.728   7.908  -3.766
        -1.066  -1.453  19.074
73:     -9.210  -4.563  -1.816 -25.978  -6.369   1.479   0.533   4.196   8.409  -3.693
        -0.044  -1.626  18.929
74:     -9.912  -2.647  -1.940 -26.753  -5.078  -1.736   0.552   4.132   7.058  -4.754
         0.119  -2.352  18.712
75:     -9.508  -0.866  -1.973 -26.956  -4.180  -4.801   1.262   4.942   5.703  -4.040
         1.616  -3.093  18.446
76:     -7.980   0.992  -1.493 -27.195  -2.800  -7.352   0.915   4.634   4.109  -2.942
         3.758  -4.615  18.268
77:     -6.385   1.366  -0.172 -28.382  -3.058 -12.149  -0.541   3.715   3.268  -2.020
         3.292  -4.440  18.056
78:     -5.397   4.345   0.020 -27.562  -3.517 -15.923  -0.558   2.383   2.140  -1.302
         2.813  -2.577  17.668
79:     -5.028   7.559  -1.036 -25.166  -3.240 -18.299   0.192  -0.912   1.056  -0.197
         2.752  -2.465  17.270
80:     -4.524  10.490  -0.720 -23.164  -2.261 -18.775  -0.766  -2.794   1.073   1.894
         0.132  -2.702  16.965
81:     -2.912  13.818  -1.052 -20.903  -2.051 -18.867   0.964  -4.462   0.929   1.881
        -1.290  -3.100  16.480
82:     -3.446  15.906   1.097 -17.831  -1.948 -19.931   1.831 -10.075   7.743   3.935
         3.792   0.678  15.858
83:     -4.592  15.409   1.015  -9.626  -2.788 -26.510  -3.751  -4.812  10.322   7.046
         1.307  -2.595  14.923
84:     -7.991   8.929   2.063  -3.804  11.273 -23.966  -7.690  -1.143   4.754   5.999
         2.733   2.390  12.253
85:     -3.115  11.440  -2.168   8.529  17.144 -23.417  -6.084 -14.457   1.758   2.822
         0.233  10.202  11.780
86:     -3.030   9.976  -7.471   4.799  22.880 -27.869  -1.063  -7.650   9.661   0.675
        -2.752   9.127  11.689
87:     -4.870   6.770  -4.567   4.346  14.568 -28.259   0.264  -3.600   4.156  -0.189
        -0.051   3.747  10.610
88:     -6.830   5.147  -4.888  -1.173  12.324 -17.893   3.837  -8.055   2.140   5.185
         3.275   3.406   9.921
89:     -7.572   1.371  -9.362  -2.560   9.362 -16.689   6.024  -8.245  -7.682   1.104
         8.736   8.376   8.957
90:     -9.431  -3.856  -8.620  -0.016   4.606 -21.589   6.623  -0.252   6.622   3.260
        -1.917   4.294   8.860
91:     -8.660  -7.339 -12.981  -2.736   0.470 -21.139  -2.546  -1.445  -1.304  -5.925
         6.092   2.282   8.555
92:     -9.298  -4.909  -6.269  -0.650   5.060 -14.077   0.643   2.711  -2.489  -0.267
         6.247  -0.488   8.649
93:     -7.050  -6.275  -0.663  -0.446   7.609  -7.684  -2.839   3.513  -1.723   5.464
         9.400  -2.479   8.960
94:     -7.296  -6.734  -0.887  -4.778   2.949 -14.668  -7.335   0.536   0.854   4.808
         4.233  -0.170   8.816
95:     -8.649  -5.707  -5.060  -5.416  -0.814 -10.915  -7.688   1.501  -6.352   3.140
         4.742  -5.206   8.221
96:     -7.784  -3.428   1.609 -11.049  -3.334  -7.211  -5.497  -6.812  -4.954  -1.885
         2.134  -7.012   8.285
97:     -5.106  -2.220   1.596  -1.389  -1.799  -3.438  -2.706  -3.062  -6.605  -5.858
         3.953  -6.153   8.416
98:     -5.460  -1.327  -0.703  -8.309  -4.208 -10.853 -10.673  -3.488   1.600   1.527
        -1.679  -2.771   8.259
99:     -7.771  -3.681  -3.144  -6.764  -4.706 -10.567  -8.705  -8.699   0.252  -0.227
        -3.977 -11.709   7.996
100:    -6.304  -0.763  -3.877  -2.830  -2.026  -3.307  -6.357  -5.929   2.041   8.412
         3.717  -4.737   8.087
101:    -6.846   1.967   2.373  -1.068   4.664  -8.663  -9.197  -6.710  -7.169  -0.579
         1.362  -4.209   8.388
102:    -5.652   1.795  -0.818  -2.316  -6.296  -6.718  -4.056  -9.825  -4.082  -4.432
        -2.849  -3.398   8.255
103:    -7.502  -1.327  -0.564  -3.322  -5.573  -8.070  -2.884   0.966   2.306  -0.033
         0.945  -4.202   7.930
104:    -5.301   1.740  -0.469  -2.917  -4.637  -8.419  -6.308  -4.025   0.967  -5.417
        -6.825  -5.852   8.060
105:    -6.595   2.127   1.038  -1.462  -3.035 -10.443  -9.575  -6.393  -4.440  -8.723
        -2.356   0.320   8.095
106:    -7.016   2.883   0.127  -7.087  -7.153 -11.558  -1.488  -2.698  -1.322  -0.735
        -4.274  -2.275   7.871
107:    -5.100   3.705   2.052  -1.820  -6.419  -6.682   1.877  -1.792  -0.474  -2.581
         3.402  -2.186   7.451
108:    -5.503   3.780   3.532  -2.808  -3.366  -9.066  -4.411   1.202   6.989  -1.777
        -1.502  -5.598   7.312
109:    -5.416   3.689   0.256  -5.340  -6.821  -4.122  -5.188  -2.086   3.225  -2.498
         2.352  -5.350   7.396
110:    -7.456   1.143  -3.317  -2.905  -9.183  -5.420  -4.600  -4.574  -3.095  -6.969
         0.563  -4.070   7.204
111:    -9.539   2.411  -0.338  -8.212  -8.553  -2.033   2.380  -5.189   2.837   0.985
        -2.107  -0.917   7.037
----------------------------------------- END ------------------------------------------
