original
4.927584 6.496437 17.763069 10.653204 12.811285 
-2.663365 -10.885413 -30.821962 -19.334211 -23.418684 
4.236687 6.575591 17.547569 10.791643 12.980392 
6.801536 10.955284 27.861593 17.113340 20.577671 
5.469128 5.694834 17.139635 10.710369 12.935099 
-2.378370 0.059605 -0.437822 0.016518 0.045067 
3.978294 3.500547 8.042562 4.315721 5.141363 
-2.027593 0.101647 0.303162 -0.031073 -0.021369 
0.720510 2.820008 6.953380 4.242377 5.182916 
-2.716702 -2.973829 -9.545389 -6.389261 -7.721010 
-0.107296 0.524525 -0.740681 0.144224 -0.024801 
-3.567437 -0.039251 0.216447 -0.033974 0.091468 
0.298289 7.234157 16.776426 10.658749 12.918141 
-3.403619 -11.864876 -31.196943 -19.372637 -23.220692 
-0.476443 6.307903 16.650406 10.729817 13.007692 


it=0, distortion=3021.246826
4.486231 6.376892 17.306311 10.748512 12.899781 
-3.786210 -11.711228 -30.995100 -19.367277 -23.241230 
4.777237 10.570650 27.513889 17.205395 20.664017 
-3.013529 0.010336 -0.044096 -0.007456 -0.002312 
3.359218 2.620075 6.981345 4.314302 5.177398 
0.047973 2.653473 6.866197 4.308902 5.149220 
-0.211931 -3.780579 -10.323407 -6.466249 -7.745411 
0.522896 -0.021916 -0.013965 -0.001267 -0.004157 
1.099927 6.497602 17.208158 10.757974 12.898388 
-3.401828 -3.989164 -10.256341 -6.438382 -7.736298 
1.507268 10.187688 27.542299 17.226664 20.658348 
-6.783160 -11.820560 -30.906136 -19.366257 -23.253780 
-0.256898 -11.640702 -30.998108 -19.369333 -23.242571 
3.863427 -0.281543 -0.067696 0.014448 -0.007331 
-3.895703 1.747144 6.917633 4.335894 5.171675 


it=1, distortion=1918.679688
4.144154 6.361720 17.304024 10.760554 12.901464 
-3.728842 -11.713976 -31.001493 -19.364304 -23.236792 
4.917176 10.556520 27.502356 17.208450 20.664129 
-2.855903 -0.035055 -0.031858 -0.008157 -0.005492 
3.067513 2.605322 6.985900 4.314251 5.176074 
0.105568 2.659154 6.862061 4.307792 5.146587 
0.029070 -3.775628 -10.324240 -6.468275 -7.745292 
0.330301 0.035067 -0.014856 0.001168 -0.003994 
0.859565 6.521735 17.196857 10.752340 12.897250 
-3.088028 -3.951162 -10.269790 -6.441249 -7.738498 
1.646370 10.242977 27.554277 17.220694 20.658756 
-6.464661 -11.826136 -30.968493 -19.365086 -23.250816 
-0.538460 -11.603425 -30.928186 -19.379118 -23.254387 
3.296996 -0.262884 -0.057992 0.002740 -0.001230 
-2.874968 2.370985 6.818003 4.321166 5.157522 


it=2, distortion=1799.063232
3.974085 6.384516 17.288216 10.761600 12.900559 
-3.736351 -11.712631 -30.985975 -19.365669 -23.237700 
4.936747 10.557675 27.505178 17.207844 20.665239 
-2.855903 -0.035055 -0.031858 -0.008157 -0.005492 
3.017194 2.619893 6.979076 4.314456 5.175469 
0.281052 2.689285 6.878872 4.309101 5.142667 
0.142744 -3.775072 -10.339878 -6.466777 -7.745036 
0.229806 0.043105 0.000312 0.001699 -0.003059 
0.717269 6.518611 17.199327 10.750962 12.897546 
-2.953212 -3.935543 -10.253392 -6.445828 -7.739484 
1.666779 10.245832 27.550049 17.221283 20.657448 
-6.375321 -11.806248 -30.993242 -19.362900 -23.250731 
-0.675741 -11.631767 -30.943045 -19.377256 -23.249472 
3.111500 -0.239382 -0.087798 0.001256 -0.003841 
-2.412554 2.361088 6.788867 4.311384 5.164303 


it=3, distortion=1771.594116
3.870053 6.400277 17.299786 10.761145 12.901751 
-3.777696 -11.709168 -30.979929 -19.364059 -23.238365 
4.936747 10.557675 27.505178 17.207844 20.665239 
-2.855903 -0.035055 -0.031858 -0.008157 -0.005492 
3.042567 2.603076 6.981346 4.314788 5.177847 
0.412697 2.698978 6.891097 4.305681 5.143464 
0.208884 -3.777044 -10.332095 -6.465522 -7.744564 
0.171955 0.043548 -0.000219 0.003454 -0.003489 
0.628918 6.513282 17.185658 10.750764 12.896459 
-2.879338 -3.924947 -10.267523 -6.448462 -7.740358 
1.666779 10.245832 27.550049 17.221283 20.657448 
-6.375321 -11.806248 -30.993242 -19.362900 -23.250731 
-0.760855 -11.643910 -30.958622 -19.380093 -23.247356 
3.005788 -0.218013 -0.079724 -0.002404 -0.002874 
-2.185366 2.424362 6.776335 4.318455 5.155565 


it=4, distortion=1762.176514
3.849496 6.394244 17.294891 10.759897 12.900784 
-3.819537 -11.721179 -30.982086 -19.363474 -23.238377 
4.936747 10.557675 27.505178 17.207844 20.665239 
-2.917445 -0.018514 -0.046007 -0.006203 -0.003774 
3.067513 2.605322 6.985900 4.314251 5.176074 
0.448114 2.681900 6.898913 4.306734 5.145284 
0.275340 -3.770531 -10.319687 -6.465550 -7.745571 
0.097439 0.024002 0.005366 0.002704 -0.002572 
0.611246 6.519298 17.188372 10.751653 12.897177 
-2.806572 -3.925273 -10.284838 -6.449253 -7.739407 
1.666779 10.245832 27.550049 17.221283 20.657448 
-6.375321 -11.806248 -30.993242 -19.362900 -23.250731 
-0.840246 -11.623416 -30.955458 -19.380390 -23.246847 
2.938663 -0.190449 -0.070816 -0.003633 -0.006987 
-2.150389 2.464226 6.757660 4.316845 5.154968 


it=5, distortion=1758.274292
3.788249 6.402619 17.306789 10.759495 12.900193 
-3.839881 -11.728390 -30.980787 -19.363503 -23.240435 
4.936747 10.557675 27.505178 17.207844 20.665239 
-2.949822 0.000991 -0.041413 -0.005570 -0.004151 
3.118782 2.605362 6.982649 4.314340 5.178246 
0.481098 2.679909 6.903310 4.306868 5.144626 
0.326485 -3.768436 -10.323197 -6.465310 -7.746991 
0.079804 0.011678 0.001953 0.002211 -0.002359 
0.558244 6.516184 17.174683 10.751729 12.897567 
-2.753778 -3.922115 -10.282298 -6.450079 -7.738103 
1.666779 10.245832 27.550049 17.221283 20.657448 
-6.375321 -11.806248 -30.993242 -19.362900 -23.250731 
-0.879565 -11.612140 -30.958643 -19.379896 -23.242666 
2.938663 -0.190449 -0.070816 -0.003633 -0.006987 
-2.150389 2.464226 6.757660 4.316845 5.154968 


it=6, distortion=1755.941772
3.749422 6.409672 17.295572 10.761172 12.900659 
-3.839881 -11.728390 -30.980787 -19.363503 -23.240435 
4.936747 10.557675 27.505178 17.207844 20.665239 
-2.981524 0.005451 -0.043978 -0.006108 -0.003261 
3.118782 2.605362 6.982649 4.314340 5.178246 
0.498251 2.684623 6.901500 4.308102 5.144925 
0.379232 -3.764012 -10.317678 -6.467372 -7.746155 
0.061415 0.008936 0.002926 0.002431 -0.002902 
0.521411 6.512360 17.181841 10.750048 12.897091 
-2.702696 -3.921359 -10.289195 -6.448530 -7.739237 
1.666779 10.245832 27.550049 17.221283 20.657448 
-6.375321 -11.806248 -30.993242 -19.362900 -23.250731 
-0.879565 -11.612140 -30.958643 -19.379896 -23.242666 
2.938663 -0.190449 -0.070816 -0.003633 -0.006987 
-2.112940 2.460019 6.765803 4.313845 5.154014 


it=7, distortion=1754.532715
3.711113 6.407949 17.286522 10.758967 12.901191 
-3.839881 -11.728390 -30.980787 -19.363503 -23.240435 
4.936747 10.557675 27.505178 17.207844 20.665239 
-2.981524 0.005451 -0.043978 -0.006108 -0.003261 
3.118782 2.605362 6.982649 4.314340 5.178246 
0.498251 2.684623 6.901500 4.308102 5.144925 
0.415159 -3.760727 -10.313710 -6.466474 -7.746836 
0.061415 0.008936 0.002926 0.002431 -0.002902 
0.484179 6.516318 17.187792 10.751873 12.896508 
-2.669309 -3.921042 -10.293616 -6.449801 -7.738739 
1.666779 10.245832 27.550049 17.221283 20.657448 
-6.375321 -11.806248 -30.993242 -19.362900 -23.250731 
-0.879565 -11.612140 -30.958643 -19.379896 -23.242666 
2.938663 -0.190449 -0.070816 -0.003633 -0.006987 
-2.112940 2.460019 6.765803 4.313845 5.154014 


it=8, distortion=1753.768555
3.673048 6.386849 17.281277 10.759359 12.902105 
-3.839881 -11.728390 -30.980787 -19.363503 -23.240435 
4.936747 10.557675 27.505178 17.207844 20.665239 
-2.981524 0.005451 -0.043978 -0.006108 -0.003261 
3.118782 2.605362 6.982649 4.314340 5.178246 
0.498251 2.684623 6.901500 4.308102 5.144925 
0.415159 -3.760727 -10.313710 -6.466474 -7.746836 
0.061415 0.008936 0.002926 0.002431 -0.002902 
0.446756 6.539693 17.190683 10.751321 12.895495 
-2.669309 -3.921042 -10.293616 -6.449801 -7.738739 
1.666779 10.245832 27.550049 17.221283 20.657448 
-6.375321 -11.806248 -30.993242 -19.362900 -23.250731 
-0.879565 -11.612140 -30.958643 -19.379896 -23.242666 
2.938663 -0.190449 -0.070816 -0.003633 -0.006987 
-2.112940 2.460019 6.765803 4.313845 5.154014 
