# num rows=10 num columns=5
3.240565 6.169996 17.347019 10.771070 12.899942 
-1.511048 -11.982952 -31.135269 -19.382483 -23.240814 
2.840221 10.595368 27.510456 17.217834 20.662178 
-3.919477 -0.243712 -0.031536 -0.008841 0.035968 
4.936433 2.522992 6.718767 4.323430 5.171866 
-2.704166 2.058013 6.940247 4.332240 5.166401 
0.964580 -3.490195 -10.364861 -6.487165 -7.756775 
2.922050 -0.069802 -0.092899 -0.019877 0.038502 
-5.231140 -3.716937 -10.412698 -6.455174 -7.723842 
-8.259954 -12.139843 -30.899612 -19.356983 -23.207752 
