original
4.927584 6.496437 17.763069 10.653204 12.811285 
-2.663365 -10.885413 -30.821962 -19.334211 -23.418684 
4.236687 6.575591 17.547569 10.791643 12.980392 
6.801536 10.955284 27.861593 17.113340 20.577671 


it=0, distortion=32769.117188
2.750892 8.399972 22.272936 13.917094 16.699167 
-3.800642 -11.720895 -30.978714 -19.367414 -23.243824 
0.317540 1.262491 3.373091 2.116212 2.530372 
-1.161732 -3.842686 -10.303438 -6.457951 -7.742697 


it=1, distortion=32335.771484
2.750892 8.399972 22.272936 13.917094 16.699167 
-3.800642 -11.720895 -30.978714 -19.367414 -23.243824 
0.317540 1.262491 3.373091 2.116212 2.530372 
-1.161732 -3.842686 -10.303438 -6.457951 -7.742697 


it=2, distortion=32335.771484
2.750892 8.399972 22.272936 13.917094 16.699167 
-3.800642 -11.720895 -30.978714 -19.367414 -23.243824 
0.317540 1.262491 3.373091 2.116212 2.530372 
-1.161732 -3.842686 -10.303438 -6.457951 -7.742697 


it=3, distortion=32335.771484
2.750892 8.399972 22.272936 13.917094 16.699167 
-3.800642 -11.720895 -30.978714 -19.367414 -23.243824 
0.317540 1.262491 3.373091 2.116212 2.530372 
-1.161732 -3.842686 -10.303438 -6.457951 -7.742697 


it=4, distortion=32335.771484
2.750892 8.399972 22.272936 13.917094 16.699167 
-3.800642 -11.720895 -30.978714 -19.367414 -23.243824 
0.317540 1.262491 3.373091 2.116212 2.530372 
-1.161732 -3.842686 -10.303438 -6.457951 -7.742697 


it=5, distortion=32335.771484
2.750892 8.399972 22.272936 13.917094 16.699167 
-3.800642 -11.720895 -30.978714 -19.367414 -23.243824 
0.317540 1.262491 3.373091 2.116212 2.530372 
-1.161732 -3.842686 -10.303438 -6.457951 -7.742697 


it=6, distortion=32335.771484
2.750892 8.399972 22.272936 13.917094 16.699167 
-3.800642 -11.720895 -30.978714 -19.367414 -23.243824 
0.317540 1.262491 3.373091 2.116212 2.530372 
-1.161732 -3.842686 -10.303438 -6.457951 -7.742697 


it=7, distortion=32335.771484
2.750892 8.399972 22.272936 13.917094 16.699167 
-3.800642 -11.720895 -30.978714 -19.367414 -23.243824 
0.317540 1.262491 3.373091 2.116212 2.530372 
-1.161732 -3.842686 -10.303438 -6.457951 -7.742697 


it=8, distortion=32335.771484
2.750892 8.399972 22.272936 13.917094 16.699167 
-3.800642 -11.720895 -30.978714 -19.367414 -23.243824 
0.317540 1.262491 3.373091 2.116212 2.530372 
-1.161732 -3.842686 -10.303438 -6.457951 -7.742697 
