# num rows=1000 num columns=5
4.927584 6.496437 17.763069 10.653204 12.811285 
-2.663365 -10.885413 -30.821962 -19.334211 -23.418684 
4.236687 6.575591 17.547569 10.791643 12.980392 
6.801536 10.955284 27.861593 17.113340 20.577671 
5.469128 5.694834 17.139635 10.710369 12.935099 
-2.378370 0.059605 -0.437822 0.016518 0.045067 
3.978294 3.500547 8.042562 4.315721 5.141363 
-2.027593 0.101647 0.303162 -0.031073 -0.021369 
0.720510 2.820008 6.953380 4.242377 5.182916 
-2.716702 -2.973829 -9.545389 -6.389261 -7.721010 
-0.107296 0.524525 -0.740681 0.144224 -0.024801 
-3.567437 -0.039251 0.216447 -0.033974 0.091468 
0.298289 7.234157 16.776426 10.658749 12.918141 
-3.403619 -11.864876 -31.196943 -19.372637 -23.220692 
-0.476443 6.307903 16.650406 10.729817 13.007692 
1.348248 2.696304 6.529830 4.182999 5.221951 
2.861129 7.067163 17.871260 10.877727 13.047581 
0.711154 -3.095534 -10.267756 -6.483739 -7.757434 
-2.301600 3.470608 6.292014 4.407684 5.307776 
4.938358 7.383662 17.430824 10.739306 12.890028 
-4.776373 -11.951320 -30.621634 -19.334803 -23.191418 
-1.591248 -4.566497 -10.667809 -6.543732 -7.821844 
3.594220 6.881169 17.384418 10.784884 12.738304 
1.890860 2.471295 7.012126 4.270634 5.163894 
0.715152 2.885901 6.619747 4.458244 4.990379 
0.178255 2.073037 6.972891 4.363372 5.176921 
3.561884 11.045883 27.340912 17.138384 20.680519 
-5.074588 -5.189373 -9.974346 -6.494060 -7.748779 
2.981139 2.938107 7.470887 4.317133 5.147562 
2.109801 9.912298 27.650942 17.301929 20.714561 
-2.281699 2.347101 6.901731 4.270121 5.164500 
2.600955 8.993272 27.797001 17.209358 20.794403 
0.918526 6.609449 16.785643 10.698156 12.926276 
-1.892386 -4.429810 -10.217390 -6.349220 -7.846044 
0.171546 6.526805 17.397926 10.866856 13.002028 
-6.518245 -11.800211 -30.815731 -19.319906 -23.308645 
1.514256 6.808149 17.041454 10.805382 12.923466 
1.738433 7.204847 17.076450 10.580103 12.829548 
2.986526 5.879833 17.323875 10.776946 13.054289 
2.905093 2.363314 7.134008 4.268559 5.198306 
-3.214622 1.066247 -0.080083 -0.004189 0.120124 
-1.225309 10.123139 27.529936 17.137383 20.585955 
-0.094025 -0.507222 0.303914 0.013218 -0.146820 
5.132552 11.081628 27.537157 17.114761 20.533730 
-3.152351 -4.478869 -9.942927 -6.388182 -7.776720 
-3.506243 -4.576844 -9.905771 -6.438456 -7.768775 
-1.020942 -11.470104 -30.950104 -19.391922 -23.179768 
-7.527704 -12.835638 -30.946869 -19.428043 -23.261953 
3.096023 9.630190 27.732567 17.252283 20.688692 
3.071356 6.582695 17.122826 10.881371 12.822646 
3.453767 6.842221 17.034664 10.729714 12.973993 
-3.107287 1.906113 6.780608 4.302145 5.278203 
2.603649 0.423983 7.275506 4.407589 5.132654 
2.970133 0.349909 0.560054 -0.078272 0.044855 
-0.797845 -3.850776 -10.086946 -6.367588 -7.837548 
1.929783 10.518171 27.058289 17.269716 20.684349 
-0.147311 10.489526 28.415138 17.313572 20.804680 
2.497029 2.260368 6.455264 4.261474 5.191237 
-2.315911 -0.576781 -0.022392 0.111528 0.017277 
2.198225 5.638553 16.690306 10.818594 12.977547 
4.247326 -0.640282 -0.343656 -0.059646 0.058281 
7.437184 10.195321 27.310541 17.087526 20.579138 
3.966635 1.992327 6.972778 4.328989 5.177826 
-6.006938 -12.376959 -30.957249 -19.282513 -23.251026 
3.900148 9.554099 27.120052 17.168163 20.670715 
1.738179 5.527442 17.380548 10.719148 12.913538 
-3.449149 -11.558875 -31.198090 -19.340946 -23.321545 
2.048450 6.468248 17.624165 10.827552 12.908324 
-6.314534 -12.466322 -31.371521 -19.327890 -23.220469 
1.018242 6.369146 17.484135 10.717251 12.805390 
-0.967432 1.648344 6.847885 4.376731 5.210855 
5.968183 10.388336 27.725693 17.238026 20.678984 
1.531625 11.745352 27.156286 17.212387 20.654308 
1.836648 -5.056023 -10.373810 -6.290653 -7.707925 
-1.377987 -3.685457 -10.440972 -6.448064 -7.661373 
2.936674 10.717389 27.555754 17.065664 20.639462 
3.389370 3.016231 6.244518 4.273059 5.116230 
0.237010 -3.884597 -10.629873 -6.428272 -7.698313 
0.395113 6.411987 17.728720 10.845036 12.939748 
2.799322 6.596504 17.116861 10.785803 13.049413 
-3.117141 -13.040954 -30.903124 -19.380486 -23.304335 
5.300925 7.519189 17.503252 10.757634 12.836953 
4.361463 10.184664 27.468811 17.113041 20.676146 
3.770733 2.201211 6.760113 4.278492 5.152615 
-2.412140 -10.750266 -31.227501 -19.363071 -23.279015 
0.327473 5.965056 17.106224 10.765395 12.946186 
-6.327129 -11.285514 -30.787586 -19.413292 -23.272676 
-0.699923 -1.076520 -0.038663 -0.011589 -0.017383 
-2.321722 -4.703034 -10.516587 -6.367502 -7.758486 
0.795046 7.419185 16.856766 10.773518 12.817519 
-3.346685 -10.685040 -31.041269 -19.433407 -23.378721 
-0.180428 6.581218 17.018074 10.667040 12.829479 
0.880594 -4.830539 -10.639705 -6.431327 -7.742429 
2.025145 1.928792 6.630394 4.290871 5.239073 
3.285492 10.926731 27.142532 17.184990 20.774296 
3.444016 10.179158 27.424360 17.245794 20.650118 
4.317859 10.723321 27.903872 17.279129 20.491808 
0.845727 -4.221214 -10.659904 -6.422159 -7.735566 
-0.533640 7.468045 17.193245 10.754043 12.890604 
1.723431 2.243956 7.008204 4.286592 5.098173 
1.427115 -0.213435 0.159098 0.002619 0.090350 
-2.334387 -11.194921 -31.076557 -19.361496 -23.087973 
7.123302 2.731028 6.615347 4.353550 5.123717 
-0.806208 -11.722642 -30.982937 -19.367683 -23.271116 
3.540974 -1.176098 -0.316233 -0.019015 -0.145185 
-0.064553 -3.712674 -10.881196 -6.400884 -7.649033 
-1.550935 6.717492 17.054270 10.753682 12.844393 
-2.836908 7.156847 16.799459 10.712229 12.935847 
-3.462945 -1.013085 -0.175154 0.077456 -0.005186 
1.595963 6.541696 17.320114 10.780630 12.896012 
-3.198865 -12.207711 -30.889385 -19.278793 -23.174454 
-3.474725 -3.865139 -10.241924 -6.387859 -7.738030 
5.170493 10.508351 27.708994 17.294918 20.789997 
-0.738643 -11.221222 -31.035479 -19.379038 -23.091784 
-0.849863 -5.110879 -10.717903 -6.542860 -7.775709 
2.240208 6.610969 17.562975 10.766577 12.912634 
-3.992060 -13.108752 -31.139393 -19.391558 -23.229420 
2.726768 10.953726 27.693336 17.282114 20.639038 
1.852362 -0.641203 -0.360834 0.092183 0.049957 
-3.098655 -3.383713 -10.457110 -6.465292 -7.639500 
-3.795675 0.354519 -0.720215 -0.056865 0.006111 
2.934320 11.378279 27.755102 17.252626 20.501034 
-2.843262 -1.201627 -0.452826 0.045033 0.029166 
-0.951331 -4.213338 -10.117672 -6.462217 -7.740001 
2.298848 2.582300 7.258853 4.418504 5.261931 
2.445877 3.451371 6.856811 4.335238 5.285841 
2.079352 6.169324 16.639898 10.692272 12.889704 
-3.017574 -12.774492 -31.179867 -19.368071 -23.203398 
-3.924964 -12.661714 -30.823887 -19.273211 -23.156948 
2.454902 10.068721 27.427559 17.177094 20.747147 
3.264029 -0.387696 -0.081143 0.019732 -0.078749 
-2.159727 0.763934 0.333339 -0.057702 -0.006436 
-1.386669 -4.989311 -10.138300 -6.652176 -7.777293 
-0.606135 -3.641287 -10.666134 -6.559315 -7.706526 
-5.067563 -10.437422 -30.759115 -19.331448 -23.194221 
1.588042 7.398461 16.972685 10.781455 12.881028 
-0.869925 -3.027178 -10.610953 -6.598707 -7.791213 
-6.256094 -11.665198 -30.832413 -19.345264 -23.079823 
-1.360633 -4.834499 -10.722807 -6.450900 -7.780492 
1.784327 -3.724659 -9.694950 -6.539881 -7.658004 
-2.192616 -3.915359 -10.188281 -6.600926 -7.681469 
-1.133534 0.389080 -0.159117 0.061177 0.002210 
0.837238 2.394715 6.833759 4.361315 5.161900 
0.626889 -0.554664 -0.221304 -0.089439 0.004195 
0.265339 10.346797 27.659573 17.200054 20.753174 
-3.179926 -3.910280 -9.888586 -6.404072 -7.704737 
3.845122 5.926025 17.709169 10.672477 12.809331 
1.675388 -3.904786 -9.791408 -6.470185 -7.703636 
5.135234 10.357491 27.633169 17.287037 20.614962 
-1.286825 -3.780720 -10.134465 -6.453509 -7.668732 
0.555930 0.340301 -0.034822 0.022186 0.017605 
-0.800416 -0.678467 0.897633 0.022436 -0.119589 
2.128509 0.012268 -0.163779 0.089929 0.033146 
0.548730 -0.114087 0.217766 0.000976 -0.013142 
-0.521455 1.880841 7.134041 4.165085 5.066317 
-3.202004 -0.355543 0.101937 -0.157048 0.060773 
2.381737 2.079075 7.088984 4.368184 5.148053 
-1.141826 4.706860 17.144627 10.731347 12.890381 
-2.074474 -12.012758 -31.521719 -19.291237 -23.187420 
0.226525 2.331106 7.752794 4.251114 5.132298 
2.612962 10.943435 27.621788 17.251291 20.580105 
-2.421782 -5.768071 -10.481847 -6.457486 -7.668412 
0.074975 -3.823315 -10.191475 -6.470735 -7.830814 
-4.871014 -10.957202 -31.226141 -19.342382 -23.162615 
-1.493796 -4.666756 -9.845870 -6.497725 -7.653302 
2.876113 2.004512 7.303010 4.378818 5.249525 
-1.235117 -4.215539 -10.145907 -6.324806 -7.737370 
-4.736823 -11.014531 -30.735266 -19.430367 -23.271704 
-2.450267 -3.708013 -10.430318 -6.436509 -7.603706 
0.850350 0.008971 -0.448840 0.012607 -0.069069 
-0.728087 -10.717680 -31.328550 -19.227102 -23.280481 
-1.010814 -3.986020 -10.624999 -6.351358 -7.658448 
2.950467 3.151246 7.920529 4.279773 5.158055 
4.891441 1.177133 6.550369 4.285631 5.246930 
-0.483188 -0.540032 -0.475111 0.093150 0.064977 
3.735924 10.750505 27.637203 17.136442 20.726097 
-4.065975 -4.412845 -10.930799 -6.622326 -7.737926 
5.403003 11.479133 27.815128 17.310152 20.598698 
5.439357 9.835739 26.945778 17.455311 20.775497 
0.814070 3.430848 6.844944 4.282454 5.139503 
-4.908113 -11.774058 -31.046703 -19.361259 -23.202780 
-1.589669 0.311034 0.070205 -0.157781 0.036935 
-9.389351 -12.680562 -30.811428 -19.349649 -23.183884 
-4.680176 -11.322273 -31.060854 -19.391998 -23.193884 
6.662729 6.613628 17.466175 10.739440 12.925113 
2.736421 -4.509875 -10.563585 -6.512712 -7.817385 
0.233682 2.940555 6.840413 4.297706 5.100364 
-4.728126 -10.549973 -30.803532 -19.482328 -23.211121 
0.618080 10.165818 27.365709 17.248945 20.708769 
0.274609 -2.744366 -10.294996 -6.459599 -7.771657 
3.103498 6.191623 17.323011 10.835299 12.882717 
1.635942 6.627753 16.986195 10.671524 12.994416 
3.872405 11.080116 27.353413 17.125162 20.463985 
-3.461703 -12.150314 -30.898088 -19.337194 -23.378502 
0.821603 7.196730 16.943497 10.747878 12.910256 
-2.904405 -0.953254 -0.601930 -0.068928 -0.027701 
1.610156 -0.111548 0.010129 -0.025420 0.018866 
-1.653950 -3.263810 -10.401181 -6.451530 -7.777090 
-3.903397 -12.299193 -30.480570 -19.331951 -23.286047 
0.192768 5.832349 16.981770 10.674478 12.960963 
-5.351534 -11.676804 -30.979073 -19.364544 -23.287342 
3.525579 7.419862 16.936785 10.787550 12.789305 
0.180800 6.785653 16.820856 10.737957 12.897776 
-2.863978 -11.586143 -30.975798 -19.333225 -23.309906 
1.021767 0.075522 -0.553696 -0.027026 -0.058869 
-1.825517 2.804833 6.381266 4.416763 5.031694 
1.605035 6.642931 16.852858 10.740130 12.886089 
1.388226 6.353569 16.945793 10.855031 12.891262 
1.397811 10.255575 27.330494 17.182760 20.611900 
-0.868980 -11.660972 -31.158855 -19.357658 -23.299978 
-4.529775 -3.964240 -10.012839 -6.346931 -7.818070 
2.428667 6.406816 17.494404 10.723340 12.892867 
-1.699203 2.723646 6.203304 4.288979 5.187591 
4.575612 2.151775 6.525054 4.337540 5.162507 
0.456810 -1.849815 0.036592 0.090105 0.063549 
-4.430388 -12.074167 -30.778042 -19.477768 -23.222181 
-1.346309 0.490611 0.120364 -0.091734 -0.023845 
-4.137506 -12.270686 -30.774834 -19.393726 -23.230118 
1.716462 0.778071 0.186741 -0.028537 -0.189129 
-0.459311 -12.273181 -30.146536 -19.325716 -23.184738 
-5.384920 -12.209461 -31.291201 -19.319445 -23.296974 
1.196711 3.167213 6.725917 4.423183 5.112535 
0.342807 -0.124772 -0.073826 0.079497 0.035687 
-3.413738 -10.300635 -30.812975 -19.391611 -23.241777 
3.053866 9.959761 27.772730 17.126677 20.725883 
0.787928 2.503040 6.637964 4.207374 5.211861 
4.002929 9.725012 28.013550 17.302429 20.670872 
-0.449449 -3.719407 -10.559158 -6.526935 -7.735888 
0.517593 -4.360024 -10.506216 -6.423717 -7.809517 
-0.396386 2.035314 6.486649 4.258057 5.181540 
-0.623355 6.923659 17.828552 10.859574 12.809906 
-0.417966 9.525131 27.269045 17.306658 20.631670 
1.774921 -3.925346 -10.013771 -6.406627 -7.746066 
-0.256031 -2.829897 -9.905873 -6.367263 -7.834214 
6.263925 11.406914 27.610674 17.254225 20.720482 
2.091005 -0.188166 -0.377247 -0.081228 -0.063840 
0.223621 2.914350 7.227531 4.268340 5.136751 
1.078775 3.507582 6.909802 4.319491 5.089542 
-4.033387 -12.153593 -31.544418 -19.309700 -23.204329 
-1.627642 -2.537426 0.585685 0.111397 -0.047023 
0.558094 0.645822 0.054833 -0.121458 -0.049076 
-0.787926 2.861529 7.049055 4.381752 5.091286 
0.823063 0.187613 -0.133524 -0.048372 0.055321 
3.492905 -0.740012 0.199194 -0.035343 -0.052010 
2.045422 2.309271 7.280858 4.360113 5.061435 
-2.082191 -2.942140 -10.270621 -6.494568 -7.738637 
1.191556 7.269344 16.839561 10.747560 12.916418 
-1.972232 1.335590 6.457373 4.335868 5.202149 
2.618203 3.860666 7.042480 4.310585 5.141117 
-1.794862 5.943219 17.199665 10.837555 12.905319 
0.675917 0.923122 0.277196 0.106705 0.020315 
0.622897 2.860731 7.092662 4.378928 5.284846 
-5.948499 -11.676426 -31.375084 -19.398640 -23.250200 
1.303745 3.335988 6.272510 4.337700 5.252894 
-5.214758 -11.500733 -30.759129 -19.317478 -23.200329 
-1.047158 -10.194574 -31.209410 -19.449533 -23.236288 
4.790258 5.065041 16.842472 10.667460 12.984768 
4.143231 0.176838 0.072386 0.017438 0.065475 
0.242221 2.119449 7.169593 4.285876 5.102665 
-3.349758 -4.661155 -9.725850 -6.386867 -7.865962 
2.860538 -0.160291 0.339778 -0.078394 -0.057071 
2.289702 2.525924 6.934721 4.288304 5.154819 
2.227087 10.970929 27.121759 17.277740 20.659147 
-2.702943 0.441031 -0.167814 0.110410 0.026040 
-0.698619 -3.436436 -10.025854 -6.538212 -7.780363 
3.002175 6.170541 17.343061 10.707357 12.864183 
0.456110 2.441729 6.772677 4.362170 5.165706 
2.885005 6.703332 17.482384 10.680752 12.981627 
-3.196545 -3.871186 -9.676183 -6.438544 -7.687901 
0.037046 0.767583 0.418214 -0.005965 -0.061516 
-1.071569 -4.266473 -10.340046 -6.385748 -7.757841 
2.273358 0.203224 0.659217 -0.123744 -0.085977 
-1.901987 0.165941 -0.586505 0.065987 0.005908 
3.048717 9.325303 26.707663 17.302267 20.642712 
3.725786 0.070682 0.454740 0.002976 -0.029330 
-1.149002 6.498770 16.978191 10.728219 12.834414 
0.938636 3.624892 6.481879 4.259516 5.098448 
-0.878939 -0.250971 -0.197266 0.003018 0.047490 
5.470861 10.459181 27.115719 17.177996 20.681156 
2.870803 -1.529645 -0.418548 -0.057256 -0.054257 
3.198114 -1.124477 -0.473839 0.025984 -0.007775 
-0.301768 2.475203 6.802782 4.396035 5.095405 
0.809762 6.918579 17.253859 10.825863 12.848149 
3.167938 6.827732 17.063358 10.870738 12.867377 
-2.171121 -10.769751 -31.399670 -19.490753 -23.187075 
-0.250097 -0.757726 -0.060566 0.023767 -0.032014 
0.887362 -0.068864 -0.239762 0.025416 0.010561 
3.718622 1.154640 6.752672 4.203853 5.117652 
2.604849 6.820201 16.870371 10.765370 12.813816 
-1.711217 -3.855249 -9.872232 -6.550200 -7.687125 
-6.624135 -10.865762 -30.852940 -19.436270 -23.195440 
-3.303964 0.387321 0.499794 0.052482 -0.021440 
6.562479 11.389352 27.440573 17.169449 20.726761 
-4.990164 1.367184 7.076823 4.301512 5.225313 
-1.670869 3.247140 6.701560 4.206773 5.219256 
2.780921 2.767182 6.918893 4.318751 5.128637 
-0.518514 0.532397 0.017122 0.030839 0.004878 
-1.310810 3.737766 6.463847 4.365265 5.071025 
-2.282190 -3.424225 -9.963613 -6.389042 -7.770820 
1.487584 11.418006 28.236383 17.322205 20.508101 
1.175729 2.418353 6.829480 4.444108 5.134004 
3.962151 -2.539257 -10.467909 -6.510322 -7.813454 
0.806752 -0.899994 -0.174079 0.113693 -0.091308 
-0.742564 2.913866 6.843037 4.277597 5.123132 
-0.426395 5.159369 17.155005 10.781507 12.742781 
-0.266399 2.283218 6.661674 4.330747 5.197927 
0.622114 1.905433 0.063712 -0.055614 0.079450 
-2.620297 -3.206447 -10.643633 -6.556767 -7.822812 
1.002537 8.942224 27.153282 17.187696 20.597208 
-1.165362 -4.269107 -10.486206 -6.535954 -7.667509 
2.545704 -0.557947 0.292459 0.022093 -0.062288 
0.786030 2.837342 6.256148 4.302650 5.160279 
-0.034895 2.352121 7.219600 4.246752 5.162305 
1.597453 -4.625255 -9.906343 -6.483111 -7.873752 
4.834441 2.631906 6.919190 4.310378 5.217142 
-0.965644 -0.469776 0.411273 -0.075481 0.058633 
2.933530 3.283476 7.024708 4.273170 5.197935 
-1.706342 -4.138682 -10.093270 -6.392843 -7.774556 
1.315910 10.386157 27.400282 17.239477 20.590992 
0.898687 6.419417 16.678932 10.741726 12.992134 
2.516102 10.889794 27.394411 17.124559 20.596508 
-1.982515 -3.944258 -10.622872 -6.474795 -7.766784 
1.716535 -0.132209 0.490865 -0.052772 0.064996 
3.957041 10.306274 27.807022 17.180700 20.674160 
-5.623607 -4.228340 -10.464886 -6.494707 -7.714199 
2.778718 8.417611 27.546377 17.167385 20.655323 
-4.119776 -11.166546 -31.610413 -19.342243 -23.348171 
0.755592 0.067017 0.275258 -0.053725 0.026321 
-1.670467 -3.317844 -9.873326 -6.494170 -7.822250 
0.331370 3.448819 6.452720 4.292128 5.273901 
-4.268978 0.755528 -0.442032 -0.071584 -0.075453 
-0.051676 2.922103 6.603879 4.215050 5.114884 
6.392220 6.793192 17.261553 10.863001 12.891923 
-1.186726 3.235852 6.590248 4.341994 5.115708 
-2.213781 -12.096375 -30.860987 -19.367695 -23.119196 
-2.560526 2.832878 6.551566 4.292332 5.138673 
2.689278 2.170730 6.889318 4.284930 5.176280 
5.066495 5.353179 17.504129 10.890675 12.892241 
4.539112 9.901114 27.405519 17.269281 20.664221 
-4.305687 -10.515074 -31.494188 -19.387329 -23.225985 
4.566521 11.337173 27.160875 17.236349 20.894520 
-0.365061 -4.649781 -10.466713 -6.414133 -7.739825 
6.443735 9.765504 27.862816 17.236168 20.752495 
-4.334333 -0.792883 -0.614484 0.082081 -0.030894 
0.207302 0.045786 -0.027674 0.035719 0.077348 
1.245520 -3.143023 -10.403841 -6.480793 -7.786197 
-0.575448 -4.220334 -10.125728 -6.401886 -7.750689 
-0.765275 -4.122405 -10.472324 -6.451854 -7.712062 
-1.113407 -11.850583 -30.590649 -19.333122 -23.233574 
6.681630 9.193769 27.404928 17.146475 20.663874 
4.866918 0.585568 -0.373010 -0.139969 0.071631 
-3.140232 -5.184074 -11.093233 -6.421180 -7.776875 
-3.756420 -3.902542 -10.500280 -6.381883 -7.706325 
-0.866088 -2.479374 -10.210524 -6.419100 -7.699902 
-0.374161 -0.307943 0.253218 0.049299 0.101786 
-7.025559 -10.679304 -31.625040 -19.430426 -23.145901 
-4.646892 -11.689685 -32.054798 -19.359421 -23.250193 
3.190417 -0.017643 -0.009513 0.174600 -0.041983 
-4.252843 -3.824818 -9.751966 -6.396072 -7.758740 
-0.781502 -3.589178 -10.524563 -6.351092 -7.725651 
-0.715693 -4.161771 -9.941552 -6.428833 -7.766421 
-1.659488 0.585456 -0.237858 -0.099171 -0.060397 
0.722569 -3.742095 -10.124632 -6.438790 -7.730123 
-2.476064 -3.591686 -10.042801 -6.366406 -7.765317 
2.210779 5.906385 17.805952 10.637777 12.834890 
1.695486 2.481792 6.735436 4.343754 5.273658 
-6.342582 -11.093955 -31.113798 -19.389515 -23.268082 
2.341359 0.930638 0.355325 -0.018570 0.111385 
2.106002 5.776036 17.214373 10.745969 12.850577 
0.166990 3.062253 7.272336 4.374653 5.105197 
2.529139 6.220265 17.368858 10.744403 12.837865 
-2.161893 -3.112962 -9.523780 -6.493245 -7.669617 
-7.293100 -13.004239 -31.223759 -19.275557 -23.223761 
-1.330962 -0.974253 -0.271085 -0.037222 0.014708 
5.713137 9.521566 27.835741 17.208361 20.666286 
-5.986774 -12.962071 -30.795290 -19.399780 -23.266718 
3.120337 12.340663 27.130198 17.266232 20.640869 
2.078617 8.241814 26.987532 17.343328 20.684715 
2.080686 5.246323 16.912584 10.805318 13.029624 
-2.066113 -0.019860 -0.057597 -0.047526 0.063030 
-0.664917 -1.052711 -0.340873 -0.110258 -0.103878 
-4.228399 -11.822983 -31.210033 -19.383141 -23.126909 
0.757767 -1.102766 -0.162842 0.141243 -0.032897 
-1.097806 7.370319 17.571415 10.730628 12.905500 
1.622046 6.211895 17.470873 10.713248 12.888915 
0.144941 1.941912 6.722338 4.308303 5.231351 
3.474923 9.301638 27.944511 17.148935 20.647362 
-2.455601 0.768907 -0.145990 -0.062837 -0.047309 
-0.026151 0.555415 -0.417568 -0.044863 0.069068 
5.196287 5.811771 16.702513 10.729250 12.966353 
3.935840 5.207883 17.485790 10.799582 12.994987 
0.495264 -0.685890 0.212862 0.054198 -0.032123 
4.705058 6.181416 17.229675 10.728673 12.931040 
-5.538617 -12.035384 -31.372116 -19.355995 -23.254663 
1.092474 2.099947 6.851372 4.243989 5.050030 
2.845325 9.581197 27.988220 17.275085 20.606604 
-0.835727 -0.290050 -0.217085 0.039561 0.054894 
1.690041 9.910409 27.951269 17.212566 20.714314 
-4.148749 -4.370610 -11.039578 -6.538245 -7.667330 
-3.994965 -12.237318 -31.126348 -19.359266 -23.233377 
-1.239687 -3.594990 -10.262301 -6.447265 -7.807850 
1.472457 6.402926 16.961027 10.817604 12.740972 
-1.129785 6.979073 17.905191 10.707600 12.883194 
1.069149 0.456631 -0.135589 -0.087810 0.027662 
1.289312 7.556684 16.801006 10.650905 12.984637 
7.722881 11.501492 27.439066 17.265875 20.630249 
-4.130372 -12.459385 -30.696131 -19.294758 -23.293758 
-1.019737 0.805681 0.580462 0.003796 -0.082258 
-0.745115 0.203426 -0.025098 -0.067587 0.123755 
-2.513913 -12.564756 -31.087429 -19.424599 -23.267815 
1.433975 -3.059699 -10.103339 -6.361826 -7.736404 
-3.274339 -11.847026 -31.045111 -19.231192 -23.155134 
6.696155 10.143020 27.101645 17.199650 20.598269 
0.540200 11.218676 27.668678 17.077808 20.522411 
-0.891889 -4.773572 -10.083755 -6.563426 -7.763778 
-0.194107 2.243401 -0.017360 -0.084927 0.012950 
1.652364 -3.504474 -9.922623 -6.435308 -7.782590 
-2.969150 -3.938751 -9.532813 -6.471686 -7.648878 
2.063975 0.187947 -0.221074 -0.097308 -0.066506 
1.200916 6.579720 17.538343 10.745402 12.866958 
-1.216949 -11.672055 -31.139179 -19.324442 -23.316893 
-4.838382 0.156246 -0.557585 -0.017682 0.067319 
1.538948 6.616333 17.334082 10.706613 12.871902 
-0.417094 5.765198 17.167604 10.763490 12.971742 
-6.042520 -11.883038 -31.328047 -19.471674 -23.283020 
4.605908 8.877306 27.173189 17.220938 20.711552 
-3.388526 -3.209372 -10.388024 -6.444873 -7.779467 
1.835739 11.570189 27.410221 17.299583 20.619595 
4.051528 11.351771 27.351204 17.337803 20.841320 
-6.619718 -12.729131 -30.787987 -19.362976 -23.328823 
3.890368 -3.390040 -10.504710 -6.610986 -7.869235 
3.364584 0.197595 -0.450594 0.195914 -0.059699 
-2.024580 -4.205266 -10.218530 -6.485246 -7.772370 
-0.854420 6.590787 17.450613 10.749298 12.807847 
3.553478 9.968810 27.726923 17.162695 20.627554 
4.563283 10.847392 27.434998 17.299877 20.587914 
6.211171 9.648815 28.303499 17.189514 20.824526 
3.896869 3.716340 7.083267 4.408801 5.174692 
5.891251 11.091997 28.056877 17.251110 20.546574 
1.061925 10.928112 26.674656 17.310162 20.623425 
4.080362 6.534145 17.004063 10.772401 12.968420 
6.476018 6.454615 17.661249 10.779210 12.880305 
3.468480 6.814026 17.497961 10.842960 12.876863 
-4.204192 -0.682933 0.279947 0.004413 -0.032109 
-1.495731 -3.666148 -10.449346 -6.455098 -7.777229 
-2.628556 -3.222234 -10.025308 -6.399107 -7.820518 
-3.148095 5.783052 17.603985 10.748290 12.882108 
4.375385 2.758973 7.452600 4.340913 5.220454 
-0.554799 -4.601697 -10.448447 -6.393877 -7.744082 
4.734576 11.124186 27.631052 17.115820 20.605764 
1.382899 6.519894 17.045885 10.868837 13.018316 
1.133259 3.006467 7.672958 4.379386 5.206939 
-0.157537 -11.596433 -30.729927 -19.372538 -23.167969 
0.217119 0.692929 0.566692 0.022027 0.018929 
-0.770786 0.106413 -0.567350 -0.061795 0.006131 
1.622692 6.798547 17.183655 10.806748 12.851739 
1.506543 0.082917 0.049599 -0.131362 -0.053904 
3.858068 6.846036 17.037594 10.711968 12.914022 
-1.729670 2.417755 6.902257 4.345429 5.068152 
-1.412112 -2.632888 -10.498337 -6.458500 -7.845223 
-0.002931 2.938549 6.705869 4.318258 5.276233 
2.165007 5.932447 16.763510 10.701751 12.877174 
-0.157357 -11.782018 -31.285467 -19.353252 -23.304029 
0.907355 -2.943810 -10.516819 -6.512880 -7.803366 
-4.181422 -11.700350 -30.600693 -19.315763 -23.237411 
-6.527239 -10.595674 -31.017017 -19.315331 -23.229939 
4.804965 6.467360 17.269978 10.719651 12.986744 
0.553884 -0.813872 0.239652 0.021071 -0.033292 
0.877797 1.652467 0.248820 -0.069458 -0.112842 
1.589755 6.386477 17.436998 10.843048 12.802312 
1.673406 10.948750 28.050272 17.154051 20.594280 
-0.268377 -3.222027 -10.208104 -6.434182 -7.740807 
-1.446654 2.494001 6.571956 4.241436 5.174049 
-5.593645 -12.019436 -30.930656 -19.298824 -23.156822 
-2.566910 -10.896577 -31.202913 -19.514660 -23.335558 
2.736694 6.495217 17.742081 10.798473 12.873736 
0.955597 7.414402 17.469664 10.739682 12.816582 
-0.983088 -3.891732 -10.353344 -6.437446 -7.678958 
-6.927123 -11.633924 -30.798534 -19.274193 -23.319796 
1.268753 -0.588283 0.101911 -0.115696 0.053504 
1.572379 6.100288 17.554407 10.804401 12.944963 
-2.152674 -4.281295 -9.951727 -6.471803 -7.646265 
0.634801 -3.692990 -10.326650 -6.434486 -7.761094 
2.180259 9.675456 27.841349 17.231091 20.543785 
0.383623 2.937983 6.162262 4.373881 5.125418 
1.791687 6.699470 17.089293 10.756795 12.943460 
0.472890 10.471036 28.087860 17.149038 20.597279 
-1.288395 -1.387802 0.523358 -0.022279 -0.073057 
3.871701 10.552288 27.153454 17.255371 20.610540 
-0.691465 -0.394021 0.004106 0.007323 -0.010362 
-0.553442 -0.196856 -0.202453 0.032044 0.156691 
-3.175322 -0.058131 0.061923 -0.030850 -0.107106 
-7.115200 -3.733791 -10.932062 -6.469539 -7.831437 
0.026615 -4.097265 -10.210232 -6.529709 -7.784537 
-6.621028 -12.122721 -30.396198 -19.382292 -23.246944 
-3.545801 -12.293148 -30.763351 -19.480825 -23.133326 
0.746080 6.141820 16.910044 10.683203 12.953053 
-3.475525 -4.553266 -10.495043 -6.522651 -7.732003 
-0.049672 -11.391926 -30.901314 -19.308680 -23.296843 
-2.884277 0.172905 0.418647 0.063884 0.032034 
-2.248794 -4.073463 -10.673456 -6.352543 -7.820525 
-0.448266 0.276712 0.028709 -0.053283 -0.034434 
-0.832031 3.771662 7.383059 4.293871 5.060225 
2.653178 10.167432 27.427753 17.324963 20.594540 
-0.885343 0.194166 -0.127594 0.007330 0.088341 
2.668619 9.618799 27.044910 17.116957 20.597660 
-1.937625 -2.701006 -10.606983 -6.510716 -7.706553 
-2.661525 -3.276715 -10.091572 -6.322878 -7.576794 
-3.609770 -5.625350 -10.452343 -6.359918 -7.751980 
1.112973 3.565092 7.391697 4.462608 5.142071 
-2.806679 0.783012 0.028679 -0.170732 -0.008532 
0.864397 2.166154 6.728352 4.171167 5.036672 
1.478425 6.615881 17.451130 10.812298 12.817874 
3.835138 10.196436 27.108149 17.166815 20.752632 
0.211187 5.384201 17.073872 10.783509 12.920679 
5.166143 10.892429 27.477741 17.197454 20.664854 
1.301613 2.928691 7.071095 4.283640 5.051454 
2.601289 2.291128 7.174930 4.337696 5.164368 
-0.258264 4.280590 7.128066 4.240304 5.314271 
4.059381 5.778943 17.071142 10.769462 12.921316 
-2.063205 2.556707 6.845667 4.280746 5.113859 
-0.280218 9.712464 27.296314 17.107969 20.639009 
-1.814284 1.189538 0.144603 0.040906 0.057224 
1.567240 7.254734 17.147247 10.632189 12.815194 
1.073705 6.505640 17.461967 10.614926 12.919859 
1.250538 6.456173 17.277287 10.810468 12.876704 
-4.329864 -12.819510 -31.204802 -19.361382 -23.210758 
4.650767 4.885688 16.922724 10.755072 12.994250 
-0.112451 1.024508 0.152116 -0.079545 0.061925 
-3.530968 -10.886644 -31.022947 -19.428608 -23.262045 
-0.299618 2.635331 7.181700 4.314760 5.165207 
3.010623 10.558326 27.788273 17.249250 20.618505 
1.704970 9.156126 27.653019 17.196157 20.562767 
-2.394140 0.627924 -0.209489 0.087905 -0.060977 
2.588108 7.028133 16.469059 10.702361 12.925207 
1.856760 0.137319 -0.210253 -0.041809 -0.050306 
4.129394 5.815694 16.717316 10.631408 12.867189 
-3.435023 -0.560883 -0.062076 -0.024366 0.040430 
-1.813574 -12.414968 -30.510084 -19.292013 -23.241381 
2.783555 -0.103301 -0.542010 0.061772 0.014381 
1.851371 -4.236113 -10.567322 -6.452205 -7.910958 
-2.460484 2.851983 7.083578 4.286732 5.103033 
-1.495242 -4.037949 -10.774524 -6.380219 -7.728113 
-3.673425 -11.152355 -30.341980 -19.370451 -23.246780 
6.141049 2.440272 6.544786 4.249392 5.174441 
3.838386 2.824535 7.183656 4.260673 5.151142 
-2.534514 -3.660681 -10.284584 -6.477660 -7.804789 
-3.246293 0.099961 -0.161627 0.064942 0.060134 
2.610206 3.152790 6.804078 4.239641 5.179393 
2.421565 6.586582 17.278240 10.878994 12.901347 
2.338944 -0.527933 -0.052780 -0.005469 -0.038078 
-1.268014 -4.052799 -10.588403 -6.438707 -7.697260 
0.120932 -5.234039 -10.476599 -6.546700 -7.602204 
-3.985035 -12.198597 -30.310530 -19.329971 -23.164135 
0.796558 7.205034 18.083609 10.693976 12.849401 
2.028335 -2.686769 -10.667488 -6.486446 -7.872293 
4.089364 5.723241 17.297981 10.676595 12.736143 
4.996398 11.196195 27.484310 17.169968 20.591343 
1.277157 1.893928 -0.251569 0.044794 -0.110541 
-2.208404 1.183482 0.645509 -0.038018 0.105468 
2.975609 2.760007 7.016900 4.308805 5.090945 
3.142931 4.957951 17.582434 10.781119 12.781241 
-1.963681 2.468481 6.435300 4.253488 5.129778 
0.386951 -11.928967 -30.908056 -19.272242 -23.284920 
-3.503152 -12.002199 -30.573868 -19.347736 -23.180559 
-2.360868 4.051664 7.364332 4.240804 5.063169 
-1.374177 -11.463415 -30.858046 -19.481955 -23.313896 
-1.090206 0.477992 0.011613 -0.169241 -0.020424 
1.062158 -3.288149 -10.638135 -6.438453 -7.794300 
1.281514 6.856600 17.782101 10.774336 12.949751 
4.136082 6.334869 18.101070 10.751427 12.831030 
-5.134305 -11.681225 -31.808224 -19.359558 -23.330177 
-5.849267 -11.282158 -31.351995 -19.420965 -23.199587 
4.016698 5.812511 17.980129 10.794209 12.914769 
-1.820121 -4.671072 -9.825131 -6.526518 -7.846175 
0.281937 6.878015 17.663559 10.669335 12.815750 
4.039126 11.170955 26.860489 17.170755 20.625225 
-1.428137 -0.213091 0.081703 0.020283 -0.046893 
-3.342951 -11.711452 -30.685987 -19.422270 -23.258352 
0.595480 0.226578 0.127347 -0.009518 -0.103530 
-0.420038 -0.594353 -0.340362 -0.029757 -0.016365 
0.488295 -11.580475 -30.772701 -19.472679 -23.274862 
-4.319405 -11.096454 -30.459925 -19.245895 -23.276438 
4.985147 9.848639 27.638277 17.078476 20.581015 
-1.572013 -0.005135 0.667611 0.044934 -0.066320 
-3.568596 -3.163136 -10.734871 -6.511703 -7.760442 
2.621212 6.036319 17.522491 10.761738 12.950765 
2.257766 1.500536 7.369957 4.163877 5.120656 
2.233286 7.737930 17.014812 10.836273 12.860467 
2.442177 7.199180 17.203817 10.651807 12.947830 
0.042948 -11.108181 -31.048922 -19.268875 -23.216608 
-0.605456 -3.367141 -10.695701 -6.429956 -7.616253 
-3.424023 -0.640426 0.009351 0.055861 -0.006004 
-0.078877 5.924767 16.834604 10.569262 12.879199 
3.652061 -1.202630 0.132024 0.092493 0.037005 
5.480820 11.132290 27.586086 17.196245 20.643652 
-2.939689 -4.611250 -9.739372 -6.463778 -7.816296 
-4.102643 -2.091068 -9.804702 -6.450919 -7.570312 
2.123681 10.190397 27.430361 17.208002 20.572292 
0.430058 -3.356331 -10.314592 -6.466868 -7.700754 
3.710143 0.407577 -0.158631 0.049740 0.023784 
-1.201791 -3.544748 -10.494463 -6.476899 -7.765539 
-4.801064 -1.351460 0.149886 0.036384 -0.126544 
-0.450799 -3.624074 -10.737221 -6.542130 -7.766640 
0.252924 3.228689 6.740238 4.363602 5.209462 
0.442082 5.929604 17.069708 10.737309 12.900606 
-1.586621 3.068790 6.986667 4.221343 5.217846 
1.357157 11.131762 27.789396 17.319931 20.679657 
2.651101 9.184916 27.364697 17.273270 20.709547 
-2.874262 1.247130 6.616653 4.362935 5.207121 
0.180750 -0.466430 -0.093996 0.140429 -0.026919 
-1.383976 -11.387281 -30.787374 -19.404379 -23.274343 
6.695273 10.341930 27.535185 17.292700 20.689383 
-1.242151 9.562635 27.450001 17.193359 20.639399 
-6.293269 -11.970327 -31.335955 -19.354576 -23.294058 
1.153942 10.627618 27.578087 17.261217 20.708067 
-4.261987 -11.797915 -31.647520 -19.412075 -23.324589 
-3.848439 -4.383059 -9.447171 -6.421088 -7.737617 
-2.445010 -3.098840 -10.515661 -6.477587 -7.665192 
-1.610837 -11.806540 -31.333858 -19.514029 -23.333811 
2.484926 -3.763666 -10.785573 -6.422104 -7.785694 
0.975450 -2.711277 -10.812346 -6.437002 -7.611540 
-4.054437 0.862617 -0.579855 -0.012899 0.095682 
-4.275013 -12.189433 -30.444429 -19.400797 -23.116844 
0.598069 9.376178 26.724058 17.190966 20.780048 
-2.880363 6.444560 16.534302 10.713789 12.992664 
3.527558 10.287211 27.480083 17.134331 20.618284 
0.132706 2.268260 7.785133 4.269920 5.072608 
-0.751448 11.343208 27.909634 17.199083 20.596622 
2.041706 10.205209 27.316849 17.173428 20.588871 
2.427580 7.286200 17.811722 10.812492 12.889359 
-2.001803 2.413035 6.722118 4.318921 5.105451 
0.919653 2.432517 6.385735 4.280407 5.144603 
1.298699 6.040663 16.670153 10.788244 12.959679 
0.630022 -1.469139 0.178784 0.118579 0.037421 
0.694128 2.002507 6.496239 4.432703 5.018474 
-1.600892 4.514299 17.786009 10.713034 12.936261 
6.852194 11.162605 27.993105 17.183743 20.724531 
0.129772 -0.346771 -0.342357 0.017747 -0.071329 
2.991880 6.206855 16.952599 10.771168 12.811546 
-7.495070 -10.975776 -30.341246 -19.328381 -23.226830 
3.588060 5.468239 17.265797 10.728990 12.901185 
4.157553 10.949615 28.314499 17.172783 20.586845 
-2.071986 -3.903261 -10.849065 -6.410850 -7.731216 
7.073046 10.855870 27.489672 17.131674 20.772890 
2.693386 -0.016096 -0.090028 -0.025302 -0.106092 
7.206513 5.579816 17.647171 10.776052 12.898545 
1.575832 4.528815 18.208031 10.818074 12.953025 
0.363019 -4.298803 -10.485234 -6.584620 -7.678054 
-2.253596 7.061071 17.206980 10.737949 12.882351 
1.986359 2.595239 7.036649 4.322556 5.160119 
0.831181 9.877866 28.125141 17.188864 20.651390 
2.386055 -0.118077 -0.042533 0.023461 0.018280 
-0.039554 -0.799249 -0.568616 0.057595 0.098675 
2.395204 10.498384 28.031731 17.103092 20.724813 
0.780595 1.695406 6.491658 4.346655 5.146448 
-4.043093 -0.291291 0.076549 0.112157 0.108195 
-3.703238 -3.373065 -10.031253 -6.514657 -7.871731 
0.677351 6.254665 17.129963 10.710101 12.902035 
-5.497670 -12.061044 -31.668211 -19.438473 -23.301512 
1.090545 6.417386 16.409077 10.598525 12.830868 
0.057186 7.123737 17.123619 10.794390 12.751506 
5.153001 10.273189 27.138735 17.264730 20.569582 
2.475507 10.227274 27.275553 17.126968 20.755398 
-4.913842 -12.112498 -30.859486 -19.464096 -23.351774 
-0.380432 6.724528 17.362465 10.776062 13.000482 
-5.039978 -10.975289 -30.988010 -19.331018 -23.209051 
5.169285 10.921267 27.180382 17.291119 20.700930 
-3.281763 -3.993612 -10.605797 -6.488724 -7.718529 
4.095049 2.825549 6.312236 4.343340 5.213860 
-0.360105 -11.840241 -31.462807 -19.346903 -23.147560 
1.574966 3.133947 6.776471 4.277551 5.069012 
-3.931741 -12.313328 -31.069782 -19.351643 -23.204895 
-1.718472 -10.841494 -30.158136 -19.347456 -23.359465 
5.554384 11.281157 27.255192 17.177702 20.644218 
-2.159339 -12.918789 -31.031563 -19.363035 -23.237837 
2.564262 6.039628 17.196218 10.794204 12.857680 
-1.209084 3.361224 6.788535 4.253911 5.209981 
3.323353 -0.918401 -0.135697 -0.061864 -0.117592 
4.068629 5.477925 17.550112 10.751334 12.921804 
-0.433302 -3.622779 -10.393454 -6.320115 -7.769797 
0.906574 7.517401 17.276627 10.847630 12.839767 
-6.111687 -3.605228 -10.501846 -6.445924 -7.753444 
0.356248 3.886932 7.126626 4.180334 5.096220 
1.053587 -3.749325 -9.609591 -6.566309 -7.685340 
1.155215 0.327445 -0.140869 0.072133 0.061143 
2.919714 6.242223 16.606781 10.892595 13.005911 
-0.882110 0.953020 -0.095578 -0.022634 -0.091843 
4.645964 9.847848 27.216484 17.068739 20.631737 
-2.979309 -4.348989 -10.619843 -6.479760 -7.627261 
0.989781 11.038428 27.637407 17.427446 20.731684 
2.478912 -1.276745 -0.154100 -0.077661 0.055181 
5.663631 7.361667 17.262215 10.598572 12.884816 
4.043442 6.175703 17.325636 10.838991 12.985210 
-3.999391 -12.126321 -31.061756 -19.259371 -23.156694 
0.459733 -4.024879 -9.672056 -6.393405 -7.897253 
3.554408 9.568787 27.551317 17.232870 20.691744 
2.427922 10.623270 27.553179 17.193306 20.758907 
4.379683 -0.190308 -0.081331 0.024214 -0.005627 
-1.677975 -2.677907 -9.905042 -6.502007 -7.707251 
2.804866 7.253169 17.039516 10.805256 12.839972 
3.858018 -2.755329 -10.039529 -6.556315 -7.725971 
-4.071241 -12.247923 -30.547756 -19.327351 -23.190369 
3.271114 11.895175 27.908619 17.263218 20.680937 
-0.074507 3.033678 6.909846 4.270573 5.033756 
2.762465 11.437386 27.777611 17.145098 20.702278 
0.551589 11.131438 27.391205 17.279673 20.745281 
-0.721020 1.552297 7.334042 4.294053 5.087089 
-1.828287 -3.914948 -10.301452 -6.534610 -7.768753 
1.161047 7.070532 17.625309 10.790685 12.873659 
-2.632685 2.690623 6.237217 4.318130 5.129008 
-2.607496 -11.595412 -30.680323 -19.406977 -23.313612 
-3.840628 -11.669724 -30.754078 -19.417891 -23.307329 
0.100504 -3.534235 -10.502547 -6.453780 -7.807920 
-1.357034 1.571026 6.800850 4.341783 5.247967 
0.302160 3.035148 7.117568 4.225511 5.116106 
2.492263 -0.251965 -0.577002 0.090523 0.010789 
-4.431165 1.860957 6.638521 4.412809 5.142923 
-0.089062 -2.662437 -10.139247 -6.388765 -7.732658 
1.133523 8.700370 27.851624 17.198261 20.588585 
2.587433 0.396760 -0.869513 0.029894 0.181932 
1.931102 9.245211 27.450409 17.169884 20.743725 
1.898454 2.365670 7.465045 4.302619 5.156979 
4.101531 6.755037 17.613581 10.880334 12.930179 
0.861650 3.398767 7.014594 4.373963 5.182094 
4.083931 10.875205 27.173100 17.158886 20.717533 
3.729678 10.701353 27.862391 17.198099 20.745880 
2.107240 6.639712 16.816097 10.802907 12.972878 
-1.835525 0.384240 -0.423380 -0.180276 -0.044379 
2.889365 2.841963 7.565692 4.334221 5.243194 
-0.343280 -3.421371 -10.317992 -6.510891 -7.699076 
1.333883 -4.354773 -10.729312 -6.477988 -7.654416 
1.028764 1.222831 7.393049 4.414752 5.211627 
-0.330452 6.391076 17.598158 10.681158 12.836561 
3.700075 6.202477 17.349064 10.619752 12.876993 
-0.826372 3.578550 7.270294 4.380371 5.148515 
6.022516 10.433527 27.228178 17.243299 20.687977 
-6.113077 -4.265762 -10.535411 -6.413439 -7.824841 
1.771266 -0.300707 -0.252226 -0.097419 -0.087232 
0.549132 2.269509 6.432066 4.276296 5.041368 
-2.113401 -3.471370 -9.781398 -6.402279 -7.651260 
0.906766 2.713062 6.997193 4.258098 5.230783 
5.209753 10.777521 27.943220 17.250534 20.732088 
-3.682811 -10.787499 -31.376022 -19.423584 -23.311016 
-1.324507 -3.670819 -9.913189 -6.526626 -7.740031 
7.070359 9.110069 27.653961 17.251169 20.578808 
-1.130127 -0.014646 -0.196598 0.008151 -0.051992 
4.584156 9.897052 27.319822 17.247375 20.663145 
-1.874632 -11.799995 -30.320580 -19.472179 -23.278700 
5.111011 7.510237 17.288862 10.724767 12.987587 
0.111404 0.328709 0.152271 0.170676 -0.033238 
1.436634 2.376132 7.011314 4.303389 5.119933 
-1.104385 11.071855 28.012917 17.237072 20.624872 
5.651078 10.757752 27.573503 17.167269 20.691885 
0.753292 -10.961163 -31.062098 -19.396358 -23.366352 
5.057965 7.309518 17.951784 10.689102 12.947880 
2.579306 -0.088927 0.510816 -0.004767 0.099556 
-1.240272 -3.888475 -11.052594 -6.440248 -7.770067 
-3.055377 -3.403168 -9.553141 -6.365795 -7.704545 
-3.347639 -11.488712 -31.644480 -19.333408 -23.199448 
2.983773 2.080353 7.538445 4.407784 5.303929 
5.138122 7.316950 16.611143 10.815292 12.908400 
3.136212 10.451401 27.245565 17.263672 20.563280 
-1.950736 -4.707985 -10.734640 -6.292492 -7.667201 
-1.282901 1.074019 7.113599 4.323524 5.234347 
1.509734 1.322307 0.524430 0.082823 0.144798 
-1.163248 2.059936 6.944841 4.460660 5.040548 
5.983810 2.923291 6.650599 4.288241 5.257248 
4.486803 10.880664 27.288624 17.275249 20.627871 
-1.599223 -2.211612 -10.767750 -6.503880 -7.744226 
6.141503 10.997606 27.749046 17.095022 20.669195 
3.806094 11.127034 27.296209 17.176691 20.744171 
-0.152865 -3.565100 -10.871858 -6.518652 -7.746411 
-0.996160 3.779735 6.141380 4.263738 5.135252 
1.745610 2.964580 7.132653 4.337312 5.140967 
3.617139 10.953554 27.592638 17.131115 20.656471 
3.744164 10.297066 27.881266 17.082983 20.649763 
1.428347 2.083839 6.264907 4.300826 5.148633 
0.329641 9.324875 27.458832 17.322083 20.740192 
-6.079082 -10.862328 -30.649927 -19.377995 -23.267069 
-2.645861 -11.693583 -30.770922 -19.457306 -23.172911 
-0.215491 7.760033 16.957743 10.835484 12.846290 
0.737693 6.668406 17.095997 10.781616 12.940973 
2.148599 3.133107 6.681853 4.332086 5.218462 
0.035891 5.638520 17.015396 10.852928 12.982524 
0.661347 3.331527 7.067795 4.300323 5.051661 
-5.548373 -11.861884 -31.042488 -19.277266 -23.147461 
-4.182131 0.370549 -0.114457 -0.044596 -0.051401 
0.655231 2.497544 6.672787 4.283968 5.151389 
-3.158675 -4.034982 -10.719531 -6.427386 -7.792156 
4.285582 6.926728 17.878504 10.865857 12.937723 
2.348049 5.625946 17.520809 10.707350 12.960753 
-4.147343 0.487744 0.193729 0.029301 0.003140 
-0.182807 11.923985 27.919138 17.198383 20.696505 
-1.502348 -11.124426 -30.674490 -19.462095 -23.357029 
-3.701952 -13.168920 -31.518021 -19.351229 -23.103064 
0.006774 2.702896 7.568075 4.264426 5.213890 
-1.855894 -4.269499 -10.126518 -6.506152 -7.732158 
0.758576 6.076673 16.744213 10.701008 12.830370 
0.897362 2.234139 7.071849 4.277245 5.164950 
1.964640 2.632580 6.752736 4.181940 5.224122 
-3.911190 -5.297348 -10.991819 -6.304425 -7.776103 
-2.014625 -4.013515 -10.093381 -6.485588 -7.696999 
-5.358821 -11.970928 -31.026844 -19.385290 -23.230200 
2.820777 10.557240 27.835331 17.161953 20.671034 
-7.585338 -12.045856 -31.066114 -19.463610 -23.314045 
1.829657 0.526790 -0.195214 0.014881 0.047467 
-0.080785 -0.546442 -0.081402 0.112173 -0.016747 
2.895680 7.083305 17.559837 10.837069 12.807765 
-2.637755 -3.518795 -10.876306 -6.319253 -7.697860 
2.211990 9.997778 27.432850 17.284245 20.625288 
5.156606 9.884731 27.651222 17.141510 20.674807 
-0.612650 0.239511 -0.051866 -0.124857 -0.056442 
1.424616 9.577524 26.952263 17.117504 20.628376 
-6.149881 0.209665 -0.521209 -0.070895 0.130476 
-0.660774 -4.493147 -10.091502 -6.453716 -7.656222 
-4.341562 -11.225137 -31.292845 -19.353306 -23.277275 
5.561823 10.442137 27.743898 17.075764 20.649920 
0.595555 3.328168 6.972735 4.234198 5.122253 
-2.353087 0.593815 0.269089 -0.046921 -0.124379 
2.052951 -3.316884 -10.099160 -6.433938 -7.731965 
1.998269 -11.143482 -31.057631 -19.490681 -23.211281 
5.686365 0.290292 0.268823 -0.018796 0.020441 
0.407018 -4.201864 -10.380986 -6.377407 -7.754138 
0.765946 1.307262 0.278747 -0.070324 -0.007108 
-2.739560 -3.412433 -10.487156 -6.405026 -7.802065 
-3.916543 -12.019631 -30.781355 -19.454199 -23.232271 
-0.785691 -4.966463 -10.310472 -6.479984 -7.803621 
0.392687 -0.655381 0.504766 0.040211 -0.080727 
2.004537 2.745997 6.459355 4.323559 5.180421 
-0.278106 -3.551956 -10.524105 -6.493926 -7.771305 
-5.338748 -11.629493 -30.455488 -19.357391 -23.297495 
5.223819 9.579566 27.919928 17.243008 20.691807 
2.248131 10.443545 27.828056 17.222597 20.596634 
0.307859 6.819942 17.090715 10.822705 13.019913 
-6.173890 -12.771568 -30.592108 -19.267067 -23.160835 
-2.196224 -1.402282 0.204923 -0.027733 -0.083573 
1.444380 -13.498441 -31.405525 -19.402565 -23.119759 
-2.245403 -10.433123 -30.939194 -19.403545 -23.356670 
1.626722 7.531139 17.262348 10.728498 12.924474 
-0.309134 -2.579190 -10.627557 -6.435845 -7.679011 
4.415901 6.721138 17.198053 10.623291 12.794331 
1.298045 10.851626 28.072239 17.330345 20.474812 
3.157770 2.128867 6.735997 4.242619 5.056698 
-4.829424 1.255378 7.392361 4.266250 5.193452 
1.396547 10.445821 27.263569 17.244297 20.753176 
0.296952 1.956427 6.510174 4.227427 5.253145 
-5.292643 -11.461159 -31.377586 -19.326473 -23.218386 
2.833389 6.623360 17.385147 10.745440 12.946959 
3.428492 11.502220 27.365841 17.214048 20.611214 
1.641445 8.907694 28.308447 17.181128 20.697369 
0.181791 0.045810 -0.267257 0.081497 -0.090888 
2.698909 11.591922 27.371452 17.174435 20.693850 
2.932942 6.197524 16.512268 10.658940 12.977365 
2.975963 2.508226 7.116201 4.289625 5.247188 
-1.955339 0.458142 -0.608143 0.050339 0.049340 
-1.755773 0.404790 -0.744788 -0.034589 -0.119119 
-3.422655 -12.117403 -31.114527 -19.310566 -23.171127 
-3.141915 2.846101 7.000830 4.369711 4.983038 
-0.644616 -2.630847 -10.845177 -6.479976 -7.699622 
-2.013934 -2.893802 -10.988333 -6.403450 -7.720815 
-0.580290 -4.919856 -10.154926 -6.592319 -7.679354 
-4.129635 -12.777428 -31.056669 -19.305693 -23.170603 
5.017580 9.582850 26.850029 17.330818 20.641453 
3.483207 6.567087 16.459745 10.583477 12.938918 
-0.564372 -4.661440 -10.038027 -6.564167 -7.782753 
-1.327026 -4.574022 -10.845102 -6.501979 -7.595521 
4.168024 6.513473 16.918287 10.714474 12.803808 
-4.941860 -11.157201 -30.825790 -19.273922 -23.309622 
-0.961913 0.544359 -0.116694 0.002465 0.065156 
5.009558 12.477227 27.224386 17.163828 20.608515 
-5.307660 -0.015036 0.475518 -0.106224 0.033826 
-4.929247 -4.265077 -10.256138 -6.503626 -7.779571 
1.147370 0.613304 0.474770 0.003871 -0.097164 
-4.573811 -12.233856 -30.913599 -19.294468 -23.228172 
0.529233 1.628395 7.074275 4.278138 5.155418 
-2.034363 -11.298358 -31.015898 -19.292128 -23.291956 
4.381740 11.235763 27.242086 17.224190 20.667286 
3.157944 3.842772 6.949468 4.265218 5.102688 
-2.857918 -11.666836 -31.080353 -19.271338 -23.178274 
3.562921 10.011490 27.625849 17.255442 20.678633 
-0.376798 2.584456 7.152287 4.347497 5.193980 
0.963940 1.937815 7.012552 4.374947 5.172891 
1.621657 3.544839 6.854242 4.296184 5.044671 
-2.829208 -3.815847 -9.488760 -6.373028 -7.811549 
4.806639 9.934039 27.053711 17.286779 20.617573 
1.828774 10.945028 27.035547 17.177221 20.808779 
2.144310 -4.099821 -9.965207 -6.428020 -7.874939 
2.804305 5.601774 18.017826 10.909144 12.849988 
2.895287 2.780638 6.731012 4.347218 5.216940 
-1.619136 -0.289216 0.742243 0.085398 -0.048720 
-7.532643 -12.615918 -30.843575 -19.309965 -23.233351 
0.460646 -0.551171 -0.237242 -0.022944 0.034874 
-0.140315 2.142956 6.551011 4.335618 5.161479 
-0.630004 1.758205 7.042067 4.322217 5.243009 
0.220960 -3.577534 -10.032412 -6.290363 -7.820796 
3.169415 9.651560 27.637342 17.142803 20.756763 
-1.047080 -3.439920 -9.714714 -6.537848 -7.652308 
-0.442733 7.132699 16.682480 10.756838 12.894959 
-1.011405 -3.857398 -9.994966 -6.608399 -7.623021 
3.687770 9.763106 26.955553 17.290724 20.594252 
-0.524324 -0.320058 -0.164346 0.075487 -0.070778 
-4.048213 -11.752627 -31.793734 -19.353382 -23.206261 
-0.648245 0.836622 -0.037077 0.040168 -0.025777 
-0.959663 -4.955618 -10.133561 -6.347292 -7.721478 
1.848401 -4.828410 -10.379802 -6.590149 -7.806390 
-1.096248 -3.636286 -10.007694 -6.368954 -7.805283 
-1.131077 5.789548 17.572916 10.837432 12.830878 
-2.433463 -11.706656 -30.628668 -19.421606 -23.293404 
3.821830 10.944362 27.700161 17.152525 20.663235 
2.104300 -3.420701 -10.139124 -6.581985 -7.602829 
2.154228 6.743989 17.076487 10.637642 12.968252 
4.888416 10.935627 27.382673 17.167273 20.583401 
-3.488420 -11.564436 -31.136921 -19.366856 -23.243166 
0.673341 6.463557 17.569988 10.671742 12.985376 
-2.006708 -3.148898 -9.599404 -6.480413 -7.815278 
1.306538 6.612850 17.892574 10.829814 12.867417 
-2.533088 -10.580647 -30.834639 -19.266579 -23.255304 
5.757283 11.018227 27.505493 17.131268 20.681637 
2.353776 10.307237 27.310184 17.404730 20.616236 
-1.477296 -0.224141 -0.038410 0.057250 -0.047827 
-2.036813 -12.434456 -30.737411 -19.492596 -23.121555 
4.369262 11.229954 27.523539 17.297117 20.720282 
2.049852 2.597888 7.111444 4.343936 5.316998 
-0.281049 1.331218 6.729874 4.369615 5.171947 
0.610030 -3.756749 -9.806837 -6.458771 -7.786846 
1.659853 9.216928 27.683369 17.267794 20.720716 
3.449391 6.549261 17.523590 10.833220 12.855368 
3.767041 10.735690 27.223593 17.245068 20.513758 
1.488054 7.954952 17.017673 10.907851 12.929779 
2.492391 4.718123 6.379819 4.369538 5.212023 
-3.343456 -5.784849 -10.599270 -6.326353 -7.641090 
-4.080520 -11.647994 -31.035534 -19.284233 -23.195509 
0.442281 -3.441447 -10.444206 -6.545475 -7.756565 
4.922228 -0.467141 -0.414406 0.055429 0.091843 
-0.057169 -3.827527 -10.517789 -6.491578 -7.688288 
0.244560 -2.803077 -10.258263 -6.469673 -7.737153 
3.331724 4.942683 17.286335 10.780107 12.791713 
1.855170 10.704310 27.305849 17.124525 20.721899 
0.214521 -0.663494 0.124446 0.025600 0.075807 
-1.140839 2.211479 6.684307 4.303051 5.049341 
-0.500896 0.755509 -0.148685 0.044135 0.039054 
6.587628 12.257808 27.909769 17.175505 20.710901 
-2.093995 -4.036454 -10.523900 -6.413806 -7.733873 
1.454165 -3.214724 -10.259268 -6.521148 -7.742947 
1.170526 -0.129835 0.268403 -0.119837 -0.025890 
5.484789 6.648086 17.777933 10.697724 12.894581 
0.893611 -0.186066 -0.232087 -0.047707 0.047456 
2.307723 5.941747 16.927799 10.666345 12.828278 
-2.620801 -3.156636 -10.308618 -6.587284 -7.689067 
3.200547 2.307871 7.072383 4.368052 5.124179 
2.467893 9.738451 27.601284 17.187057 20.693213 
-0.526969 -12.408502 -30.945587 -19.374403 -23.232985 
-4.102545 -11.685070 -31.000433 -19.360998 -23.261452 
2.269269 2.708837 6.877314 4.419040 5.127685 
3.896966 6.356557 17.164639 10.876094 12.878716 
-3.449450 -0.473495 0.174001 -0.045312 -0.171476 
3.754622 7.140719 16.952757 10.697758 13.037690 
0.440112 -0.008307 -0.199161 -0.115581 -0.088613 
0.685388 2.821203 7.367092 4.329041 5.084732 
0.120156 -3.915865 -10.186660 -6.459681 -7.820554 
4.317514 6.851947 16.712551 10.723003 12.904731 
5.165681 9.739130 27.104092 17.259975 20.666786 
-2.688907 6.266825 17.245646 10.693480 12.872101 
0.733718 -12.870852 -31.107924 -19.366060 -23.325605 
-2.919542 -11.616793 -30.263287 -19.458279 -23.268827 
6.894775 9.734879 28.809896 17.181416 20.749916 
5.583702 9.853330 26.620682 17.158827 20.720415 
-0.445799 2.790326 7.379726 4.325178 5.220845 
-4.709319 -11.006429 -31.268230 -19.323631 -23.347383 
3.505510 -3.257443 -10.083332 -6.545339 -7.712167 
1.546681 3.429221 6.582530 4.320742 5.158486 
-1.468389 -10.738494 -30.893812 -19.421686 -23.239450 
4.970224 9.750826 27.235537 17.221159 20.666199 
5.768861 10.068644 28.210146 17.319614 20.784391 
3.709973 10.475568 27.758562 17.161537 20.650862 
-4.060750 -12.127002 -30.972132 -19.372370 -23.283930 
2.258917 7.327009 17.455402 10.843535 12.908180 
1.864999 3.168893 7.151307 4.434463 5.137627 
-0.839659 2.316986 7.042665 4.211834 5.121560 
3.425585 11.205357 27.528635 17.296635 20.680801 
-6.178857 -12.367769 -30.540798 -19.418072 -23.398855 
1.090068 3.283418 6.134738 4.263518 5.077380 
-3.870483 -12.466439 -30.851814 -19.364946 -23.250170 
-8.050864 -10.407986 -30.863712 -19.401148 -23.212074 
-6.449108 -11.208240 -30.670256 -19.474628 -23.283688 
-2.367528 3.116382 7.159569 4.274979 5.118239 
3.262521 6.483335 17.462360 10.861145 12.867112 
1.856481 5.878913 16.649164 10.679520 12.891252 
-6.165638 -11.563649 -30.333506 -19.395239 -23.262774 
0.100182 -0.279945 0.724844 0.063095 0.032040 
1.267044 -1.192843 0.202906 -0.002907 0.086047 
-7.299776 -11.866956 -31.426903 -19.322435 -23.255363 
-0.003931 -11.632434 -31.079584 -19.396187 -23.190144 
-7.058350 -11.459701 -31.152643 -19.303696 -23.363703 
6.727702 10.754954 27.012880 17.261307 20.704596 
-2.497613 2.157312 6.785072 4.418139 5.201974 
-4.830238 -11.214387 -30.953714 -19.377285 -23.222960 
-0.117644 -3.248065 -10.354959 -6.499931 -7.699040 
-1.702341 1.572929 7.296614 4.308026 5.247602 
