original
4.927584 6.496437 17.763069 10.653204 12.811285 
-2.663365 -10.885413 -30.821962 -19.334211 -23.418684 
4.236687 6.575591 17.547569 10.791643 12.980392 
6.801536 10.955284 27.861593 17.113340 20.577671 
5.469128 5.694834 17.139635 10.710369 12.935099 
-2.378370 0.059605 -0.437822 0.016518 0.045067 
3.978294 3.500547 8.042562 4.315721 5.141363 
-2.027593 0.101647 0.303162 -0.031073 -0.021369 


it=0, distortion=5892.135254
2.050469 6.463719 17.235712 10.755318 12.898777 
-3.800642 -11.720895 -30.978714 -19.367414 -23.243824 
3.481213 10.418868 27.525150 17.213829 20.661776 
-2.267398 -0.017593 -0.031124 -0.010052 -0.004495 
2.691168 2.690526 6.942051 4.317516 5.168277 
-0.622121 2.554202 6.866471 4.306794 5.149550 
-1.161732 -3.842686 -10.303438 -6.457951 -7.742697 
1.494737 -0.055044 -0.025068 0.005100 -0.003565 


it=1, distortion=3989.890625
2.050469 6.463719 17.235712 10.755318 12.898777 
-3.800642 -11.720895 -30.978714 -19.367414 -23.243824 
3.481213 10.418868 27.525150 17.213829 20.661776 
-2.173668 -0.018006 -0.041656 -0.008825 -0.003570 
2.668329 2.682088 6.940756 4.316465 5.166588 
-0.640362 2.559035 6.866632 4.307462 5.150609 
-1.161732 -3.842686 -10.303438 -6.457951 -7.742697 
1.578945 -0.056313 -0.016088 0.004736 -0.004291 


it=2, distortion=3987.923340
2.050469 6.463719 17.235712 10.755318 12.898777 
-3.800642 -11.720895 -30.978714 -19.367414 -23.243824 
3.481213 10.418868 27.525150 17.213829 20.661776 
-2.150597 -0.021723 -0.037875 -0.008080 -0.002220 
2.668329 2.682088 6.940756 4.316465 5.166588 
-0.640362 2.559035 6.866632 4.307462 5.150609 
-1.161732 -3.842686 -10.303438 -6.457951 -7.742697 
1.600174 -0.053577 -0.019015 0.004251 -0.005444 


it=3, distortion=3987.835449
2.050469 6.463719 17.235712 10.755318 12.898777 
-3.800642 -11.720895 -30.978714 -19.367414 -23.243824 
3.481213 10.418868 27.525150 17.213829 20.661776 
-2.150597 -0.021723 -0.037875 -0.008080 -0.002220 
2.668329 2.682088 6.940756 4.316465 5.166588 
-0.640362 2.559035 6.866632 4.307462 5.150609 
-1.161732 -3.842686 -10.303438 -6.457951 -7.742697 
1.600174 -0.053577 -0.019015 0.004251 -0.005444 


it=4, distortion=3987.835449
2.050469 6.463719 17.235712 10.755318 12.898777 
-3.800642 -11.720895 -30.978714 -19.367414 -23.243824 
3.481213 10.418868 27.525150 17.213829 20.661776 
-2.150597 -0.021723 -0.037875 -0.008080 -0.002220 
2.668329 2.682088 6.940756 4.316465 5.166588 
-0.640362 2.559035 6.866632 4.307462 5.150609 
-1.161732 -3.842686 -10.303438 -6.457951 -7.742697 
1.600174 -0.053577 -0.019015 0.004251 -0.005444 


it=5, distortion=3987.835449
2.050469 6.463719 17.235712 10.755318 12.898777 
-3.800642 -11.720895 -30.978714 -19.367414 -23.243824 
3.481213 10.418868 27.525150 17.213829 20.661776 
-2.150597 -0.021723 -0.037875 -0.008080 -0.002220 
2.668329 2.682088 6.940756 4.316465 5.166588 
-0.640362 2.559035 6.866632 4.307462 5.150609 
-1.161732 -3.842686 -10.303438 -6.457951 -7.742697 
1.600174 -0.053577 -0.019015 0.004251 -0.005444 


it=6, distortion=3987.835449
2.050469 6.463719 17.235712 10.755318 12.898777 
-3.800642 -11.720895 -30.978714 -19.367414 -23.243824 
3.481213 10.418868 27.525150 17.213829 20.661776 
-2.150597 -0.021723 -0.037875 -0.008080 -0.002220 
2.668329 2.682088 6.940756 4.316465 5.166588 
-0.640362 2.559035 6.866632 4.307462 5.150609 
-1.161732 -3.842686 -10.303438 -6.457951 -7.742697 
1.600174 -0.053577 -0.019015 0.004251 -0.005444 


it=7, distortion=3987.835449
2.050469 6.463719 17.235712 10.755318 12.898777 
-3.800642 -11.720895 -30.978714 -19.367414 -23.243824 
3.481213 10.418868 27.525150 17.213829 20.661776 
-2.150597 -0.021723 -0.037875 -0.008080 -0.002220 
2.668329 2.682088 6.940756 4.316465 5.166588 
-0.640362 2.559035 6.866632 4.307462 5.150609 
-1.161732 -3.842686 -10.303438 -6.457951 -7.742697 
1.600174 -0.053577 -0.019015 0.004251 -0.005444 


it=8, distortion=3987.835449
2.050469 6.463719 17.235712 10.755318 12.898777 
-3.800642 -11.720895 -30.978714 -19.367414 -23.243824 
3.481213 10.418868 27.525150 17.213829 20.661776 
-2.150597 -0.021723 -0.037875 -0.008080 -0.002220 
2.668329 2.682088 6.940756 4.316465 5.166588 
-0.640362 2.559035 6.866632 4.307462 5.150609 
-1.161732 -3.842686 -10.303438 -6.457951 -7.742697 
1.600174 -0.053577 -0.019015 0.004251 -0.005444 
