original
4.927584 6.496437 17.763069 10.653204 12.811285 


it=0, distortion=1080966.875000
0.239321 0.758368 2.014290 1.256313 1.504862 


it=1, distortion=732439.625000
0.239321 0.758368 2.014290 1.256313 1.504862 


it=2, distortion=732439.625000
0.239321 0.758368 2.014290 1.256313 1.504862 


it=3, distortion=732439.625000
0.239321 0.758368 2.014290 1.256313 1.504862 


it=4, distortion=732439.625000
0.239321 0.758368 2.014290 1.256313 1.504862 


it=5, distortion=732439.625000
0.239321 0.758368 2.014290 1.256313 1.504862 


it=6, distortion=732439.625000
0.239321 0.758368 2.014290 1.256313 1.504862 


it=7, distortion=732439.625000
0.239321 0.758368 2.014290 1.256313 1.504862 


it=8, distortion=732439.625000
0.239321 0.758368 2.014290 1.256313 1.504862 
