original
4.927584 6.496437 17.763069 10.653204 12.811285 
-2.663365 -10.885413 -30.821962 -19.334211 -23.418684 
4.236687 6.575591 17.547569 10.791643 12.980392 


it=0, distortion=83273.210938
2.750892 8.399972 22.272936 13.917094 16.699167 
-3.800642 -11.720895 -30.978714 -19.367414 -23.243824 
-0.196738 -0.512355 -1.381640 -0.864649 -1.041123 


it=1, distortion=78126.726563
2.750892 8.399972 22.272936 13.917094 16.699167 
-3.800642 -11.720895 -30.978714 -19.367414 -23.243824 
-0.196738 -0.512355 -1.381640 -0.864649 -1.041123 


it=2, distortion=78126.726563
2.750892 8.399972 22.272936 13.917094 16.699167 
-3.800642 -11.720895 -30.978714 -19.367414 -23.243824 
-0.196738 -0.512355 -1.381640 -0.864649 -1.041123 


it=3, distortion=78126.726563
2.750892 8.399972 22.272936 13.917094 16.699167 
-3.800642 -11.720895 -30.978714 -19.367414 -23.243824 
-0.196738 -0.512355 -1.381640 -0.864649 -1.041123 


it=4, distortion=78126.726563
2.750892 8.399972 22.272936 13.917094 16.699167 
-3.800642 -11.720895 -30.978714 -19.367414 -23.243824 
-0.196738 -0.512355 -1.381640 -0.864649 -1.041123 


it=5, distortion=78126.726563
2.750892 8.399972 22.272936 13.917094 16.699167 
-3.800642 -11.720895 -30.978714 -19.367414 -23.243824 
-0.196738 -0.512355 -1.381640 -0.864649 -1.041123 


it=6, distortion=78126.726563
2.750892 8.399972 22.272936 13.917094 16.699167 
-3.800642 -11.720895 -30.978714 -19.367414 -23.243824 
-0.196738 -0.512355 -1.381640 -0.864649 -1.041123 


it=7, distortion=78126.726563
2.750892 8.399972 22.272936 13.917094 16.699167 
-3.800642 -11.720895 -30.978714 -19.367414 -23.243824 
-0.196738 -0.512355 -1.381640 -0.864649 -1.041123 


it=8, distortion=78126.726563
2.750892 8.399972 22.272936 13.917094 16.699167 
-3.800642 -11.720895 -30.978714 -19.367414 -23.243824 
-0.196738 -0.512355 -1.381640 -0.864649 -1.041123 
