original
4.927584 6.496437 17.763069 10.653204 12.811285 
-2.663365 -10.885413 -30.821962 -19.334211 -23.418684 


it=0, distortion=321272.312500
1.015068 3.077042 8.131139 5.076931 6.089783 
-3.833351 -11.414663 -30.099157 -18.801935 -22.566006 


it=1, distortion=317542.625000
0.979728 3.032127 8.019077 5.008584 6.007946 
-3.797095 -11.637280 -30.721472 -19.199612 -23.044245 


it=2, distortion=317282.718750
0.969090 3.012592 7.974068 4.981732 5.975398 
-3.800642 -11.720895 -30.978714 -19.367414 -23.243824 


it=3, distortion=317257.187500
0.969090 3.012592 7.974068 4.981732 5.975398 
-3.800642 -11.720895 -30.978714 -19.367414 -23.243824 


it=4, distortion=317257.187500
0.969090 3.012592 7.974068 4.981732 5.975398 
-3.800642 -11.720895 -30.978714 -19.367414 -23.243824 


it=5, distortion=317257.187500
0.969090 3.012592 7.974068 4.981732 5.975398 
-3.800642 -11.720895 -30.978714 -19.367414 -23.243824 


it=6, distortion=317257.187500
0.969090 3.012592 7.974068 4.981732 5.975398 
-3.800642 -11.720895 -30.978714 -19.367414 -23.243824 


it=7, distortion=317257.187500
0.969090 3.012592 7.974068 4.981732 5.975398 
-3.800642 -11.720895 -30.978714 -19.367414 -23.243824 


it=8, distortion=317257.187500
0.969090 3.012592 7.974068 4.981732 5.975398 
-3.800642 -11.720895 -30.978714 -19.367414 -23.243824 
