# num rows=15 num columns=5
5.849788 6.266984 17.356033 10.771067 12.905649 
-3.748377 -11.805381 -31.112988 -19.371527 -23.242439 
4.949408 11.179222 27.483566 17.207710 20.656504 
-3.919477 -0.243712 -0.031536 -0.008841 0.035968 
4.936433 2.522992 6.718767 4.323430 5.171866 
-0.737853 2.529908 6.943936 4.316135 5.156649 
0.964580 -3.490195 -10.364861 -6.487165 -7.756775 
0.913391 -0.081713 0.029764 0.000992 0.016456 
0.631341 6.073008 17.338005 10.771072 12.894235 
-5.231140 -3.716937 -10.412698 -6.455174 -7.723842 
0.731035 10.011515 27.537348 17.227959 20.667854 
-8.259954 -12.139843 -30.899612 -19.356983 -23.207752 
0.726280 -12.160522 -31.157551 -19.393438 -23.239189 
4.930709 -0.057891 -0.215562 -0.040746 0.060549 
-4.670480 1.586119 6.936557 4.348345 5.176153 
