original
4.927584 6.496437 17.763069 10.653204 12.811285 
-2.663365 -10.885413 -30.821962 -19.334211 -23.418684 
4.236687 6.575591 17.547569 10.791643 12.980392 
6.801536 10.955284 27.861593 17.113340 20.577671 
5.469128 5.694834 17.139635 10.710369 12.935099 
-2.378370 0.059605 -0.437822 0.016518 0.045067 
3.978294 3.500547 8.042562 4.315721 5.141363 
-2.027593 0.101647 0.303162 -0.031073 -0.021369 
0.720510 2.820008 6.953380 4.242377 5.182916 
-2.716702 -2.973829 -9.545389 -6.389261 -7.721010 


it=0, distortion=5470.069824
2.050469 6.463719 17.235712 10.755318 12.898777 
-2.725127 -11.707332 -30.976862 -19.369905 -23.240623 
3.481213 10.418868 27.525150 17.213829 20.661776 
-2.267398 -0.017593 -0.031124 -0.010052 -0.004495 
2.691168 2.690526 6.942051 4.317516 5.168277 
-0.622121 2.554202 6.866471 4.306794 5.149550 
-0.211931 -3.780579 -10.323407 -6.466249 -7.745411 
1.494737 -0.055044 -0.025068 0.005100 -0.003565 
-3.401828 -3.989164 -10.256341 -6.438382 -7.736298 
-6.226274 -11.751465 -30.982882 -19.361778 -23.251026 


it=1, distortion=3178.527344
2.050469 6.463719 17.235712 10.755318 12.898777 
-2.539285 -11.742652 -30.968138 -19.369827 -23.241508 
3.481213 10.418868 27.525150 17.213829 20.661776 
-2.173668 -0.018006 -0.041656 -0.008825 -0.003570 
2.668329 2.682088 6.940756 4.316465 5.166588 
-0.640362 2.559035 6.866632 4.307462 5.150609 
0.029070 -3.775628 -10.324240 -6.468275 -7.745292 
1.578945 -0.056313 -0.016088 0.004736 -0.004291 
-3.088028 -3.951162 -10.269790 -6.441249 -7.738498 
-5.985494 -11.683188 -30.997021 -19.363216 -23.247808 


it=2, distortion=3148.433838
2.050469 6.463719 17.235712 10.755318 12.898777 
-2.421118 -11.752848 -30.956398 -19.369617 -23.240540 
3.481213 10.418868 27.525150 17.213829 20.661776 
-2.150597 -0.021723 -0.037875 -0.008080 -0.002220 
2.668329 2.682088 6.940756 4.316465 5.166588 
-0.640362 2.559035 6.866632 4.307462 5.150609 
0.142744 -3.775072 -10.339878 -6.466777 -7.745036 
1.600174 -0.053577 -0.019015 0.004251 -0.005444 
-2.953212 -3.935543 -10.253392 -6.445828 -7.739484 
-5.825428 -11.673982 -31.011459 -19.364159 -23.248623 


it=3, distortion=3138.711914
2.050469 6.463719 17.235712 10.755318 12.898777 
-2.339278 -11.754365 -30.955935 -19.370041 -23.242065 
3.481213 10.418868 27.525150 17.213829 20.661776 
-2.150597 -0.021723 -0.037875 -0.008080 -0.002220 
2.668329 2.682088 6.940756 4.316465 5.166588 
-0.640362 2.559035 6.866632 4.307462 5.150609 
0.208884 -3.777044 -10.332095 -6.465522 -7.744564 
1.600174 -0.053577 -0.019015 0.004251 -0.005444 
-2.879338 -3.924947 -10.267523 -6.448462 -7.740358 
-5.726986 -11.676760 -31.008730 -19.363934 -23.246122 


it=4, distortion=3132.962402
2.050469 6.463719 17.235712 10.755318 12.898777 
-2.161473 -11.717236 -30.953026 -19.373432 -23.243389 
3.481213 10.418868 27.525150 17.213829 20.661776 
-2.150597 -0.021723 -0.037875 -0.008080 -0.002220 
2.668329 2.682088 6.940756 4.316465 5.166588 
-0.640362 2.559035 6.866632 4.307462 5.150609 
0.275340 -3.770531 -10.319687 -6.465550 -7.745571 
1.600174 -0.053577 -0.019015 0.004251 -0.005444 
-2.806572 -3.925273 -10.284838 -6.449253 -7.739407 
-5.550566 -11.724787 -31.006123 -19.360973 -23.244274 


it=5, distortion=3119.700684
2.050469 6.463719 17.235712 10.755318 12.898777 
-1.901513 -11.624301 -30.957958 -19.377903 -23.247961 
3.481213 10.418868 27.525150 17.213829 20.661776 
-2.150597 -0.021723 -0.037875 -0.008080 -0.002220 
2.668329 2.682088 6.940756 4.316465 5.166588 
-0.640362 2.559035 6.866632 4.307462 5.150609 
0.326485 -3.768436 -10.323197 -6.465310 -7.746991 
1.600174 -0.053577 -0.019015 0.004251 -0.005444 
-2.753778 -3.922115 -10.282298 -6.450079 -7.738103 
-5.360641 -11.800228 -30.995750 -19.358786 -23.240414 


it=6, distortion=3107.398926
2.050469 6.463719 17.235712 10.755318 12.898777 
-1.789317 -11.619973 -30.955524 -19.377111 -23.248327 
3.481213 10.418868 27.525150 17.213829 20.661776 
-2.150597 -0.021723 -0.037875 -0.008080 -0.002220 
2.668329 2.682088 6.940756 4.316465 5.166588 
-0.640362 2.559035 6.866632 4.307462 5.150609 
0.379232 -3.764012 -10.317678 -6.467372 -7.746155 
1.600174 -0.053577 -0.019015 0.004251 -0.005444 
-2.702696 -3.921359 -10.289195 -6.448530 -7.739237 
-5.286280 -11.795426 -30.995831 -19.360239 -23.240488 


it=7, distortion=3105.075684
2.050469 6.463719 17.235712 10.755318 12.898777 
-1.761871 -11.609455 -30.958529 -19.375490 -23.250124 
3.481213 10.418868 27.525150 17.213829 20.661776 
-2.150597 -0.021723 -0.037875 -0.008080 -0.002220 
2.668329 2.682088 6.940756 4.316465 5.166588 
-0.640362 2.559035 6.866632 4.307462 5.150609 
0.415159 -3.760727 -10.313710 -6.466474 -7.746836 
1.600174 -0.053577 -0.019015 0.004251 -0.005444 
-2.669309 -3.921042 -10.293616 -6.449801 -7.738739 
-5.266724 -11.801020 -30.993216 -19.361595 -23.239285 


it=8, distortion=3104.753174
2.050469 6.463719 17.235712 10.755318 12.898777 
-1.734232 -11.603221 -30.964634 -19.375933 -23.251228 
3.481213 10.418868 27.525150 17.213829 20.661776 
-2.150597 -0.021723 -0.037875 -0.008080 -0.002220 
2.668329 2.682088 6.940756 4.316465 5.166588 
-0.640362 2.559035 6.866632 4.307462 5.150609 
0.415159 -3.760727 -10.313710 -6.466474 -7.746836 
1.600174 -0.053577 -0.019015 0.004251 -0.005444 
-2.669309 -3.921042 -10.293616 -6.449801 -7.738739 
-5.247129 -11.803255 -30.988556 -19.361439 -23.238630 
