original
4.927584 6.496437 17.763069 10.653204 12.811285 
-2.663365 -10.885413 -30.821962 -19.334211 -23.418684 
4.236687 6.575591 17.547569 10.791643 12.980392 
6.801536 10.955284 27.861593 17.113340 20.577671 
5.469128 5.694834 17.139635 10.710369 12.935099 
-2.378370 0.059605 -0.437822 0.016518 0.045067 


it=0, distortion=5795.420410
2.050469 6.463719 17.235712 10.755318 12.898777 
-3.800642 -11.720895 -30.978714 -19.367414 -23.243824 
3.481213 10.418868 27.525150 17.213829 20.661776 
-0.120768 -0.038962 -0.027669 -0.001407 -0.003964 
0.771885 2.611557 6.898270 4.311306 5.157429 
-1.161732 -3.842686 -10.303438 -6.457951 -7.742697 


it=1, distortion=5021.820313
2.050469 6.463719 17.235712 10.755318 12.898777 
-3.800642 -11.720895 -30.978714 -19.367414 -23.243824 
3.481213 10.418868 27.525150 17.213829 20.661776 
-0.120768 -0.038962 -0.027669 -0.001407 -0.003964 
0.771885 2.611557 6.898270 4.311306 5.157429 
-1.161732 -3.842686 -10.303438 -6.457951 -7.742697 


it=2, distortion=5021.820313
2.050469 6.463719 17.235712 10.755318 12.898777 
-3.800642 -11.720895 -30.978714 -19.367414 -23.243824 
3.481213 10.418868 27.525150 17.213829 20.661776 
-0.120768 -0.038962 -0.027669 -0.001407 -0.003964 
0.771885 2.611557 6.898270 4.311306 5.157429 
-1.161732 -3.842686 -10.303438 -6.457951 -7.742697 


it=3, distortion=5021.820313
2.050469 6.463719 17.235712 10.755318 12.898777 
-3.800642 -11.720895 -30.978714 -19.367414 -23.243824 
3.481213 10.418868 27.525150 17.213829 20.661776 
-0.120768 -0.038962 -0.027669 -0.001407 -0.003964 
0.771885 2.611557 6.898270 4.311306 5.157429 
-1.161732 -3.842686 -10.303438 -6.457951 -7.742697 


it=4, distortion=5021.820313
2.050469 6.463719 17.235712 10.755318 12.898777 
-3.800642 -11.720895 -30.978714 -19.367414 -23.243824 
3.481213 10.418868 27.525150 17.213829 20.661776 
-0.120768 -0.038962 -0.027669 -0.001407 -0.003964 
0.771885 2.611557 6.898270 4.311306 5.157429 
-1.161732 -3.842686 -10.303438 -6.457951 -7.742697 


it=5, distortion=5021.820313
2.050469 6.463719 17.235712 10.755318 12.898777 
-3.800642 -11.720895 -30.978714 -19.367414 -23.243824 
3.481213 10.418868 27.525150 17.213829 20.661776 
-0.120768 -0.038962 -0.027669 -0.001407 -0.003964 
0.771885 2.611557 6.898270 4.311306 5.157429 
-1.161732 -3.842686 -10.303438 -6.457951 -7.742697 


it=6, distortion=5021.820313
2.050469 6.463719 17.235712 10.755318 12.898777 
-3.800642 -11.720895 -30.978714 -19.367414 -23.243824 
3.481213 10.418868 27.525150 17.213829 20.661776 
-0.120768 -0.038962 -0.027669 -0.001407 -0.003964 
0.771885 2.611557 6.898270 4.311306 5.157429 
-1.161732 -3.842686 -10.303438 -6.457951 -7.742697 


it=7, distortion=5021.820313
2.050469 6.463719 17.235712 10.755318 12.898777 
-3.800642 -11.720895 -30.978714 -19.367414 -23.243824 
3.481213 10.418868 27.525150 17.213829 20.661776 
-0.120768 -0.038962 -0.027669 -0.001407 -0.003964 
0.771885 2.611557 6.898270 4.311306 5.157429 
-1.161732 -3.842686 -10.303438 -6.457951 -7.742697 


it=8, distortion=5021.820313
2.050469 6.463719 17.235712 10.755318 12.898777 
-3.800642 -11.720895 -30.978714 -19.367414 -23.243824 
3.481213 10.418868 27.525150 17.213829 20.661776 
-0.120768 -0.038962 -0.027669 -0.001407 -0.003964 
0.771885 2.611557 6.898270 4.311306 5.157429 
-1.161732 -3.842686 -10.303438 -6.457951 -7.742697 
