original
4.927584 6.496437 17.763069 10.653204 12.811285 
-2.663365 -10.885413 -30.821962 -19.334211 -23.418684 
4.236687 6.575591 17.547569 10.791643 12.980392 
6.801536 10.955284 27.861593 17.113340 20.577671 
5.469128 5.694834 17.139635 10.710369 12.935099 
-2.378370 0.059605 -0.437822 0.016518 0.045067 
3.978294 3.500547 8.042562 4.315721 5.141363 
-2.027593 0.101647 0.303162 -0.031073 -0.021369 
0.720510 2.820008 6.953380 4.242377 5.182916 


it=0, distortion=5663.681152
2.050469 6.463719 17.235712 10.755318 12.898777 
-2.725127 -11.707332 -30.976862 -19.369905 -23.240623 
3.481213 10.418868 27.525150 17.213829 20.661776 
-2.267398 -0.017593 -0.031124 -0.010052 -0.004495 
2.691168 2.690526 6.942051 4.317516 5.168277 
-0.622121 2.554202 6.866471 4.306794 5.149550 
-1.161732 -3.842686 -10.303438 -6.457951 -7.742697 
1.494737 -0.055044 -0.025068 0.005100 -0.003565 
-6.226274 -11.751465 -30.982882 -19.361778 -23.251026 


it=1, distortion=3575.082275
2.050469 6.463719 17.235712 10.755318 12.898777 
-2.539285 -11.742652 -30.968138 -19.369827 -23.241508 
3.481213 10.418868 27.525150 17.213829 20.661776 
-2.173668 -0.018006 -0.041656 -0.008825 -0.003570 
2.668329 2.682088 6.940756 4.316465 5.166588 
-0.640362 2.559035 6.866632 4.307462 5.150609 
-1.161732 -3.842686 -10.303438 -6.457951 -7.742697 
1.578945 -0.056313 -0.016088 0.004736 -0.004291 
-5.985494 -11.683188 -30.997021 -19.363216 -23.247808 


it=2, distortion=3563.111572
2.050469 6.463719 17.235712 10.755318 12.898777 
-2.421118 -11.752848 -30.956398 -19.369617 -23.240540 
3.481213 10.418868 27.525150 17.213829 20.661776 
-2.150597 -0.021723 -0.037875 -0.008080 -0.002220 
2.668329 2.682088 6.940756 4.316465 5.166588 
-0.640362 2.559035 6.866632 4.307462 5.150609 
-1.161732 -3.842686 -10.303438 -6.457951 -7.742697 
1.600174 -0.053577 -0.019015 0.004251 -0.005444 
-5.825428 -11.673982 -31.011459 -19.364159 -23.248623 


it=3, distortion=3558.017334
2.050469 6.463719 17.235712 10.755318 12.898777 
-2.339278 -11.754365 -30.955935 -19.370041 -23.242065 
3.481213 10.418868 27.525150 17.213829 20.661776 
-2.150597 -0.021723 -0.037875 -0.008080 -0.002220 
2.668329 2.682088 6.940756 4.316465 5.166588 
-0.640362 2.559035 6.866632 4.307462 5.150609 
-1.161732 -3.842686 -10.303438 -6.457951 -7.742697 
1.600174 -0.053577 -0.019015 0.004251 -0.005444 
-5.726986 -11.676760 -31.008730 -19.363934 -23.246122 


it=4, distortion=3553.934570
2.050469 6.463719 17.235712 10.755318 12.898777 
-2.161473 -11.717236 -30.953026 -19.373432 -23.243389 
3.481213 10.418868 27.525150 17.213829 20.661776 
-2.150597 -0.021723 -0.037875 -0.008080 -0.002220 
2.668329 2.682088 6.940756 4.316465 5.166588 
-0.640362 2.559035 6.866632 4.307462 5.150609 
-1.161732 -3.842686 -10.303438 -6.457951 -7.742697 
1.600174 -0.053577 -0.019015 0.004251 -0.005444 
-5.550566 -11.724787 -31.006123 -19.360973 -23.244274 


it=5, distortion=3542.091309
2.050469 6.463719 17.235712 10.755318 12.898777 
-1.901513 -11.624301 -30.957958 -19.377903 -23.247961 
3.481213 10.418868 27.525150 17.213829 20.661776 
-2.150597 -0.021723 -0.037875 -0.008080 -0.002220 
2.668329 2.682088 6.940756 4.316465 5.166588 
-0.640362 2.559035 6.866632 4.307462 5.150609 
-1.161732 -3.842686 -10.303438 -6.457951 -7.742697 
1.600174 -0.053577 -0.019015 0.004251 -0.005444 
-5.360641 -11.800228 -30.995750 -19.358786 -23.240414 


it=6, distortion=3530.739746
2.050469 6.463719 17.235712 10.755318 12.898777 
-1.789317 -11.619973 -30.955524 -19.377111 -23.248327 
3.481213 10.418868 27.525150 17.213829 20.661776 
-2.150597 -0.021723 -0.037875 -0.008080 -0.002220 
2.668329 2.682088 6.940756 4.316465 5.166588 
-0.640362 2.559035 6.866632 4.307462 5.150609 
-1.161732 -3.842686 -10.303438 -6.457951 -7.742697 
1.600174 -0.053577 -0.019015 0.004251 -0.005444 
-5.286280 -11.795426 -30.995831 -19.360239 -23.240488 


it=7, distortion=3529.189209
2.050469 6.463719 17.235712 10.755318 12.898777 
-1.761871 -11.609455 -30.958529 -19.375490 -23.250124 
3.481213 10.418868 27.525150 17.213829 20.661776 
-2.150597 -0.021723 -0.037875 -0.008080 -0.002220 
2.668329 2.682088 6.940756 4.316465 5.166588 
-0.640362 2.559035 6.866632 4.307462 5.150609 
-1.161732 -3.842686 -10.303438 -6.457951 -7.742697 
1.600174 -0.053577 -0.019015 0.004251 -0.005444 
-5.266724 -11.801020 -30.993216 -19.361595 -23.239285 


it=8, distortion=3529.085693
2.050469 6.463719 17.235712 10.755318 12.898777 
-1.734232 -11.603221 -30.964634 -19.375933 -23.251228 
3.481213 10.418868 27.525150 17.213829 20.661776 
-2.150597 -0.021723 -0.037875 -0.008080 -0.002220 
2.668329 2.682088 6.940756 4.316465 5.166588 
-0.640362 2.559035 6.866632 4.307462 5.150609 
-1.161732 -3.842686 -10.303438 -6.457951 -7.742697 
1.600174 -0.053577 -0.019015 0.004251 -0.005444 
-5.247129 -11.803255 -30.988556 -19.361439 -23.238630 
